86137
37600
1976
57791
92896
28565
44316
25956
66538
61518
87817
63391
64718
51195
90983
45562
72266
50193
34027
88742
29190
36302
26853
53880
59502
23838
97133
26002
58029
13920
51006
43613
98957
47431
2179
86733
89160
28241
30747
44869
65557
92085
54414
83501
93290
56924
95300
56192
78403
62383
45700
46144
90093
27972
8384
37298
43167
47498
85265
4352
83814
96784
36887
80470
80250
64270
2408
78074
24479
68532
96184
65733
61815
34986
29372
10783
28931
38453
75518
93498
41982
17744
74245
21713
40794
48068
49318
24822
80277
84403
53750
36496
99966
45645
84452
30510
85001
25079
43549
53244
95088
19354
71595
57034
2789
75050
81979
10782
54717
61781
13716
11202
76356
50619
5551
38517
55154
73976
47438
24650
97767
75782
60661
89729
70302
52537
54634
80714
46207
16656
8459
51009
32634
13587
18449
73952
82209
52487
99286
53925
46876
53718
60275
65559
78713
18051
97805
39469
61022
84339
67526
87426
35412
51243
77914
18153
26621
19404
29361
54537
68752
88223
89173
44601
76680
24118
76285
62626
68672
9320
54694
97146
5027
71906
77185
93719
29598
23873
48315
73869
58386
13054
54905
4109
94819
47384
84672
18042
76306
93696
338
67143
43227
75981
42693
70867
20414
60599
75669
72889
20369
40449
94451
44023
28742
14343
89933
65815
46494
37292
20751
25363
92893
82596
19865
43273
28795
15859
50632
79636
44051
48588
3040
66947
70795
54627
2412
10617
64388
73940
18002
32590
16530
27354
26022
46032
34431
20538
84590
40818
10988
32853
21993
70970
91265
49069
68354
32600
13270
90040
49243
45365
65741
18536
59064
46904
53500
42499
17564
35739
27038
75842
91505
78735
33372
18342
65196
54323
38554
68771
67321
50147
77563
87392
6397
90271
67042
50703
7668
72422
66074
86363
87336
40376
21485
55830
43218
43023
63361
37134
57207
30370
96515
27407
14550
54591
60277
14806
42980
30424
41904
31067
19895
28912
41324
62206
33917
13468
61634
49452
44960
20757
84112
5514
22144
95972
38121
83752
41401
10022
53474
30057
90823
53349
73326
4414
56423
12182
55352
44625
64201
80358
99764
15355
89009
70776
869
73784
13804
96995
14525
89829
12747
95951
6817
46849
83370
10493
37278
53900
80701
5618
32008
96721
97686
86336
24454
88680
71778
94501
74195
69178
7381
71341
47765
43265
9979
16793
26353
54541
60681
53305
42527
32041
45057
55518
73900
92469
31597
95096
34775
98985
31639
1943
48786
82903
90370
60887
15680
51570
37024
15114
79830
91814
39987
80079
1317
5273
16300
59533
89063
83629
94748
33156
37169
87986
41215
11995
20866
16015
76070
41135
96962
69464
54979
9159
54043
91942
32795
79410
42474
72622
86470
92804
83468
34066
44164
51528
79394
84197
75216
43071
15185
33843
4367
11640
51079
77869
7270
62878
54356
81665
41463
8373
45157
83790
55197
62072
57244
92141
77966
2706
35678
65463
72888
4281
19799
88189
82383
8213
13661
73201
58753
23526
4101
9485
6207
40609
24829
10941
54650
49871
66447
94391
21067
38076
39746
22141
54200
60778
93150
51511
73948
29248
27846
73316
59432
10498
5464
75155
36873
57739
55667
34540
57072
94742
14626
66324
63761
86766
89491
27592
45883
27606
75139
33966
24307
64032
63030
2953
75178
26020
85711
44174
21852
36316
98498
82918
95184
18935
62506
4456
38680
98304
78853
98193
53165
38867
68546
90470
63963
21518
62599
23374
64278
51032
53063
42153
85957
75520
81903
47090
89258
40869
61862
62322
96074
23411
24735
68687
44920
23011
9417
43374
71989
77723
5048
19132
80128
77610
75234
98742
26702
27317
4461
92398
22838
55193
73122
93355
69919
80297
68566
94780
96875
87958
91628
81532
92797
93073
68209
60949
93776
88332
77406
32266
38384
74787
93654
68745
26147
39110
35446
99100
84033
16178
7582
55563
26013
86625
67089
33347
61098
16359
78939
80894
71569
1273
83245
49444
85498
74040
76969
64931
65090
11860
97946
37316
35476
82986
17414
99103
1464
69850
35873
78409
35218
32916
12920
52536
74692
95426
14
36405
77680
71731
25031
229
96189
56045
58988
58591
55183
40839
5201
60766
56071
44940
92500
60992
81008
91167
91545
91079
66036
83934
83995
79873
57435
6557
88592
9544
47074
93014
49577
24846
89871
39686
75761
4785
61058
48898
89255
25042
26760
61291
66175
57097
82305
11227
56964
47344
1614
80113
53163
43933
67402
27174
9509
75760
31494
98720
94339
98616
33494
37194
68993
56541
93866
11480
73883
49502
29467
85943
78958
72397
48345
45959
72112
82127
75012
59144
53583
2005
40197
92571
4012
64250
76655
75990
38094
52661
48743
74858
75594
54567
25110
30968
94281
35890
39162
10440
53379
97609
89171
26909
71433
79167
12839
29022
77899
55344
23743
11250
14776
85522
37427
94633
71553
4016
64829
38964
91050
62195
77304
68583
1968
61148
20978
10533
1876
3493
96318
57811
2537
10534
90287
63699
35856
21261
24405
27196
55458
42140
63823
66820
75520
99560
39964
81887
62271
65891
45753
40347
39990
50451
34936
98629
37450
8852
47505
68255
15848
75495
94911
81585
68111
13759
29413
1518
87475
30894
67642
61236
75170
67618
30830
429
6450
37930
27290
43687
3526
9451
32800
29731
84673
74436
45631
74538
16630
60618
22297
70578
97730
61510
92257
91404
11495
95220
80013
82888
2399
34475
28676
7555
87728
34122
75268
33621
9954
18253
77075
70908
65753
79219
90790
60586
42787
76380
90665
52833
76824
91726
55753
47267
65156
45598
38212
80202
9409
36151
92033
7340
28264
39679
75589
95294
94979
87740
78151
43903
86413
91091
1834
62755
21400
42628
66290
83989
15471
28547
23086
15385
49608
28093
82459
4902
521
82479
13679
94994
58331
55632
37657
52264
32332
39241
7559
78489
65782
98394
41318
26174
90610
51640
91029
41807
25578
1522
13649
60090
97425
45059
5824
68575
82778
10921
44360
90151
3914
87009
32490
18995
4447
62517
28360
53400
5015
45389
20323
84245
9235
19768
60809
13740
51023
41485
62009
30920
34691
26534
47131
997
52496
38666
10410
30605
84595
20672
1114
95678
71161
27887
15864
1080
82694
80940
4750
69005
818
67661
81073
62299
46163
69205
64226
90812
63605
59025
64458
22249
37931
55690
18475
64649
32952
28427
74971
32942
40761
92143
41403
30053
7141
97748
66276
39096
81287
51072
17205
5254
16349
66788
8245
29611
67103
54838
42063
63004
53998
62494
86678
46368
26932
96242
33235
52642
3519
55255
63057
41927
44272
80094
23869
89584
78092
13875
92832
79071
33376
20406
20951
86487
55222
20300
80898
85234
76176
2294
628
35341
91633
6746
43236
52076
31898
90520
31875
36562
67573
44041
9289
7770
64716
82640
39819
5024
64395
61735
58098
38460
4432
21162
85507
13261
97003
85240
97893
8913
53356
36096
31650
6326
96533
54533
99190
33308
25745
96379
16181
92016
83954
30357
58600
25750
50148
40049
51647
6177
30698
59608
45833
87616
31897
3399
61491
75660
88322
8425
62480
27656
1661
93491
25387
43383
15976
36754
85325
41548
10567
64391
84456
78489
57892
70466
38570
24896
33690
1090
70328
99076
5907
18260
73906
96429
59691
2089
3561
81353
49544
84765
1595
90747
29538
77935
78030
7034
61751
62290
55513
84763
2798
53904
7331
35367
87881
58654
95087
69955
44020
81515
79820
16342
37181
23201
23729
52996
28052
36411
65372
84052
70179
86494
92785
56336
15606
12719
42198
90746
80109
23175
34284
79972
36974
99042
10706
6471
31369
44312
15078
882
53817
27157
14876
19046
10145
66192
55889
12423
29910
71397
17237
99699
59489
91936
81298
20587
53793
86327
30413
15658
91425
38158
63122
54704
40811
5838
87818
2914
86276
35900
33434
2533
26038
78028
32325
30967
79786
36625
8270
26531
2896
76181
83968
25251
68337
57122
70667
29258
75346
79345
80572
69993
29403
45791
32677
99340
70403
2627
83055
72501
1529
55382
17704
62511
18756
70645
62302
38026
54599
75163
73984
16152
68823
21193
64490
64922
33261
31371
12427
98940
75153
10856
67848
20826
95794
80046
21606
80764
6179
13084
35229
57893
54268
55246
75348
56639
53742
29226
85723
36858
92522
29493
89557
39029
68233
13664
51308
54342
66100
23896
66727
35406
66320
31029
52356
6137
68217
4242
71923
80590
31888
12225
22825
90046
78107
85347
73706
39358
57321
67343
42074
39538
58495
71038
35083
91162
24267
25172
74522
64912
85196
72550
14866
71620
98127
54990
6532
77889
89626
28039
23045
13201
40105
24107
52937
13591
26721
66255
35956
44940
14972
58210
27436
16286
96122
821
23731
45583
3876
28125
27277
68567
9471
33332
17289
90095
80734
14651
5118
78875
67689
67111
32570
93281
15164
17996
98708
45378
87498
91131
7804
98152
28066
63409
76195
60822
50651
64699
9177
37319
36437
20170
25132
81830
59728
42578
41580
65748
75778
98850
97569
15756
52059
9558
61731
46294
27226
64187
77685
76816
63180
89943
76447
94800
18177
57987
5173
65471
65042
50479
4859
9181
93856
39707
65458
59035
7730
72780
76100
6158
21658
38298
21587
19622
83103
90313
35518
93530
1009
63885
34231
37231
41654
54086
70148
28199
51987
56261
2301
31983
39378
27448
4608
80069
86729
68657
70997
80728
2037
23063
11567
82624
27555
87968
8407
19570
46846
41510
25147
60731
11787
14842
83695
96430
46754
5617
95074
31367
80916
56145
53199
65053
58494
23688
73233
84315
55383
18792
97730
42258
25770
87901
10599
89840
92389
14643
99885
77760
41142
82218
73907
44471
19634
66192
96433
88489
4549
81604
95762
10044
55158
13534
12229
56826
65854
77441
94719
37715
10628
21969
32100
65375
77918
3828
62243
14143
47073
19591
38387
35326
19062
91778
65062
46350
50091
88988
49723
47086
77972
94129
85606
63460
80590
6579
42075
97852
53449
54222
24025
11288
85511
23447
95335
57006
67488
27776
6362
38470
65865
50322
3880
39315
69449
60133
31308
88918
2924
10654
27317
60055
5859
10271
48383
14868
45178
97275
5886
1843
68411
54034
95075
563
38471
80601
28635
7196
13824
14103
58101
48562
36747
98377
9262
24215
54838
4351
59984
59954
28113
13817
1999
43503
44845
11265
7614
24125
16260
28467
80572
63319
3879
44560
55198
66215
58058
53057
9816
68258
1984
23736
33846
66897
70844
79245
48818
42490
52639
45053
78062
66782
72289
20824
19235
6608
58097
73120
91916
65326
3323
8954
92347
85727
7517
67598
37643
38712
71689
9102
60996
94763
57075
13438
24571
93989
95999
55889
63381
63935
28320
28875
9092
6760
83016
66392
29928
60000
10281
53183
85157
92899
15270
24324
40208
71779
12264
62277
78517
76776
72070
74010
40249
50588
53518
57027
4148
36254
12145
17630
55340
32550
76446
24400
5457
79835
40349
43745
67935
51870
73745
87264
27771
42593
47404
75827
49295
70038
38345
56381
69222
35978
40790
65322
26901
59754
47981
7979
39901
86989
12701
37059
68488
46819
93640
6625
72867
4365
55131
30593
90468
57316
65073
10317
77131
95274
6533
13934
17070
27911
95022
48178
91098
24713
60248
49354
57701
30059
54947
85699
69885
55548
15104
30318
8017
63415
4961
91051
7301
4868
96873
20939
16750
88789
39578
57555
12650
43275
49532
78892
61155
41330
44379
27166
40541
78630
99103
68246
78555
27385
96608
2833
82069
39747
59893
84267
36509
60139
28593
52559
92275
43400
74520
70762
77102
18077
48497
84401
40201
53597
2906
92160
6027
41703
57249
73630
20942
3760
21717
96914
35444
4702
44525
51045
24105
14359
8439
4488
47131
98463
23770
74870
64034
17827
37637
34862
42896
92266
1699
42649
33259
60741
61572
57569
95976
30743
33341
93138
84600
73045
94779
33119
65239
81509
36150
82337
68451
6616
1651
8932
8747
54211
69730
1410
84450
69697
4662
47742
65137
81229
57069
54446
92200
84048
56035
30843
19192
62267
64734
20756
6736
7056
85154
74046
5021
58919
10262
14178
14263
8991
24664
64246
17542
78019
11715
99785
54821
7003
58216
10658
41943
74791
32364
28959
80593
1146
64764
45857
57455
30157
40984
93572
91314
72843
18772
41526
9983
90720
56241
36890
44301
44312
49126
89868
17469
39656
85619
25885
25608
40727
24280
72338
59748
55504
95896
54568
25887
916
64392
51306
51772
87623
16123
37827
54044
76211
25234
31615
43473
63291
83966
3491
16447
17068
38696
86942
65808
69927
89388
12337
85836
10634
89116
14485
69304
13520
55936
51771
61227
97559
97887
71793
6849
33637
31403
87778
52055
80312
42781
25796
65482
52778
223
87854
85317
47765
71882
18059
40490
35648
29149
90241
41342
8124
63168
65461
88810
65108
30495
26885
95203
66314
51290
37846
10076
68098
49218
29686
26224
49086
52255
65279
83537
7738
55842
64416
81295
15494
42892
6818
89196
77813
94587
99663
13908
38272
42563
24089
52319
29229
60034
83420
34097
31429
19072
25469
36416
74878
8414
82490
126
28726
40773
66563
98565
33630
51273
18935
21401
89357
17514
58051
81797
43722
45254
23123
38739
32974
7813
86080
69575
64166
7011
1151
61564
45285
21938
61261
3938
40982
4233
69267
71190
34771
49831
49711
83154
14146
90645
9104
38974
78532
46688
35516
41614
460
14209
29786
84023
82761
15865
30573
64681
68608
26436
85886
36721
10224
47638
58522
37768
95309
99906
9885
18565
11492
49355
49092
72579
31720
86701
85637
95224
41440
66028
29003
4149
39926
27387
32671
99333
73636
44035
60684
12228
18145
26369
2559
58543
87935
92490
63326
93972
5416
67442
51750
92888
91613
58714
80082
27359
92452
25870
87772
53183
77002
39281
52501
83376
20319
82120
98538
30477
32621
26447
76268
25207
23644
39768
41421
17986
15006
88377
64210
62171
23956
78076
9191
20980
71741
73318
13574
93425
25550
2451
36075
85568
47052
83232
84033
97766
89807
71920
5093
52343
43625
71875
85093
25386
39898
37192
93270
97837
2015
59960
46387
32589
49474
70014
26331
449
42015
67736
96971
57791
30191
15174
56476
78552
85662
87163
21278
36262
17483
61106
60828
86879
1263
45054
7152
41244
41686
67082
3697
81934
84447
58263
72897
66134
61432
50173
82146
57512
27797
57856
89728
69874
48434
66329
27586
52619
95242
89668
54982
20727
89258
31237
29761
52620
57962
79380
65391
2987
24273
9040
58685
50489
46710
41252
10972
97563
91030
18290
70385
80393
47596
20652
6062
6746
91297
53324
62173
52953
93419
55151
23198
40840
43421
39572
51248
77200
6910
8177
24257
44718
11635
88057
88179
73022
30183
31844
78552
83768
60181
63751
88204
20425
80982
11912
72749
8640
23307
46970
19745
23097
8661
66848
33800
96187
71451
46028
21472
83441
43512
62462
95114
18886
32988
72628
71484
64650
74877
25988
66533
15708
3815
7453
31096
93675
46285
74697
61696
84226
83963
85978
26097
97375
4089
3754
38928
20242
26607
4676
43734
94905
79208
69640
96029
48052
56209
25614
79535
28818
20973
12259
28171
51680
72914
6992
86797
61586
9201
92369
66290
96313
24513
52785
58953
70075
96235
99926
13559
96384
88899
42052
38359
82896
92052
95273
78343
50513
11205
51236
49874
29957
76167
11153
28801
27395
33898
64222
1891
44724
57919
4148
97311
90101
74238
32847
15178
27059
86132
61584
21281
97462
17684
99138
32931
15841
17581
11451
86940
20912
25960
68878
50480
29901
61010
77542
68208
17896
21799
69400
90644
34829
36991
21255
92637
26741
82454
29337
20315
76770
85158
25220
25286
42013
57481
78427
62896
49240
27068
47552
66813
1326
17144
20999
75944
39945
364
8827
89062
30352
1108
2181
36312
83188
13154
6257
92077
76380
54595
21501
41429
54756
18624
47912
80982
13989
23097
31127
80535
86278
37388
84411
5748
86765
19962
14894
76275
36502
56680
3555
1857
2920
57247
50058
63785
73071
49348
80488
11804
2090
88
25721
82640
96828
38530
11731
25345
68749
16081
60492
95505
61757
33019
9130
94890
67842
15956
5161
55067
81396
62224
10096
47457
62582
3133
92178
58129
23467
19150
7770
52044
38722
24439
64903
71880
99145
63340
9454
56794
49440
99603
39649
94194
89274
40999
8750
73341
42004
60017
24341
18906
84112
74647
72601
15492
59789
17490
26119
4126
89320
28152
64316
87406
18766
21853
95738
2697
61706
12031
47672
3536
65001
22804
72051
80679
4548
7726
38316
86431
50346
13823
75138
68684
62338
92990
94032
50372
57592
96425
5615
98909
18171
15541
79533
77077
23720
85271
45455
71858
70840
45439
42938
79813
1498
15733
45597
54073
69822
65581
96950
20120
64419
94840
44370
27430
23741
17245
38228
28087
54661
60089
44454
13345
11169
9683
46825
49693
19039
65834
47418
32626
50842
19874
1189
84312
96683
22828
43033
78359
11382
89057
40042
19562
33806
54798
21652
60111
33
19936
27635
3779
27044
69322
94739
73586
50621
67888
29741
66433
70277
89901
89965
3926
18158
63340
16668
81254
80503
6966
44096
2542
94960
10061
7060
54684
99564
92705
45922
59019
89548
79353
56085
1660
9367
84583
87397
85621
27673
5720
47770
31710
16705
39233
44871
93506
47669
8345
55614
46548
5787
56091
39183
51173
28670
35693
4090
16658
98979
94096
67976
45383
24250
19044
18136
30249
19317
10023
60305
21209
927
67342
10497
13055
74259
40566
38511
37698
73580
41216
31303
19902
83489
11465
80113
33199
88079
31987
47905
93353
3919
87658
63326
81890
61240
21672
92241
45509
71117
43087
66752
32566
92287
76068
51461
33831
48211
30815
76770
23007
40830
47630
33521
60303
39157
7606
60161
75622
88185
28613
58441
65684
23477
78563
38647
81170
5637
7271
38300
60892
67671
54947
93099
96481
22207
27733
76612
24164
21311
70235
16885
47864
96666
93671
43509
98597
78925
32843
2083
62003
62513
97265
16459
10689
14644
22722
26991
58053
32857
38446
60354
1255
46349
76201
49140
75147
40925
97900
14603
79159
14252
665
30021
25629
42431
36764
4624
64082
11431
97680
92725
23025
95084
94618
38284
90894
19379
51841
11730
87718
36614
29799
9309
27331
40075
8424
66274
45760
73834
98081
7936
16374
5178
51009
8325
96163
58011
30462
11458
38674
88770
82833
21871
76128
15433
54731
73547
37206
3282
71355
16398
23455
97339
22235
4105
1759
9984
44111
60435
4556
53710
93761
43242
80483
43816
47216
82976
52742
8486
77844
7060
73976
2293
47848
93787
9711
1069
82390
93103
63197
36049
80648
79436
45068
30668
78716
87638
1497
93662
17059
1453
70063
97802
22958
39900
93003
44226
54767
61265
25397
143
78953
54655
68783
18972
81338
23685
1914
5974
98725
27667
1297
35092
44270
4180
63647
68876
6638
5550
89877
68765
3554
15140
76606
71911
45688
40298
86910
66387
24237
90022
30344
21476
27915
9733
39838
9406
35829
51859
82018
41103
17619
29230
70909
43311
91999
32834
13624
22209
78219
11639
59106
48460
77179
45584
17745
63625
19093
31391
58907
70174
41685
57243
19578
5946
31542
28704
82169
60745
89711
64312
85415
75113
32873
88928
85833
62368
91428
14398
99159
28815
43951
30861
99198
71603
29562
35919
18793
43658
89333
18515
99869
93547
75613
24149
591
36736
44335
64552
89397
51734
92915
75563
20259
98151
19164
68334
95385
20551
80649
26636
40902
52800
98779
27803
81021
16666
85645
46697
78899
39681
7428
87679
89838
27619
91298
42929
76270
58658
63693
52233
52202
43603
18876
61306
12084
72226
18014
84587
76157
34257
97757
86315
62300
36974
45626
65759
92459
44321
56688
89388
68436
62108
9020
31000
6190
31432
91050
21386
99400
39177
89409
6936
47221
40660
9321
97276
17364
48224
66283
81531
22634
13627
48963
45467
38383
70857
14615
32713
76572
60459
83021
9269
84389
10898
1888
17499
16212
60149
49099
37350
18249
19987
70114
61841
20008
52560
35219
22962
47098
92396
80497
22257
78734
52272
83349
66162
26230
52507
51572
82214
15638
75617
79100
82884
372
54071
94414
95812
51526
85520
55512
93363
8367
96602
39614
11219
59607
69821
82275
63736
47588
94115
28420
49105
73256
29266
5018
28387
47663
58261
42781
20490
23769
99957
38555
81719
72321
60600
69316
73377
87171
78310
93949
26355
62894
54095
53225
18970
22792
25207
59703
87684
52686
84049
21356
18684
2786
297
29637
80480
10331
9191
70725
4763
32325
68083
91125
96985
90975
80313
24101
92420
55960
60009
9527
53558
69263
4042
68914
19725
95553
86167
40295
75204
50377
80047
90948
93652
56240
82822
19143
67772
8115
97736
73351
21539
71619
82288
35346
63666
26260
47257
63887
29546
53337
54347
90045
10827
69441
58209
1967
71995
47262
13501
17219
15595
56677
61933
14715
24932
51056
23571
21198
18047
10598
23622
94140
62804
89570
3149
608
90963
5122
75228
80121
63534
93873
17528
15755
17785
73416
74070
58232
44792
44024
29609
53934
14011
67425
71403
17847
65597
37036
93508
57393
63735
91455
35769
53774
40678
73257
97160
14198
44452
94991
88117
53319
1751
90480
4458
67454
33845
35903
45682
69393
59007
77783
20096
98087
66333
58808
24278
43664
4717
26269
13904
65909
68296
45173
81591
97116
62652
87143
24078
3920
15868
3712
1750
91100
6997
84973
6577
62444
82875
66283
40033
28806
59984
5121
55572
26039
48389
28069
63801
67080
23525
67549
72566
83777
75473
72584
42586
45299
20101
78423
2496
53749
42924
15896
510
69601
88491
35446
27163
10963
48480
35584
21295
16415
51488
86931
37871
44176
67760
31862
37737
72580
80120
9410
26938
84750
51650
19797
44152
61284
13073
29058
99829
7750
31654
49796
77849
36867
57543
35492
93521
4596
46257
9330
74559
79583
76187
67466
79087
99865
46024
19970
95912
78955
54716
3884
69434
30323
12424
68865
57123
31297
75397
75395
77778
40883
57893
11371
28118
52302
7895
60145
24881
34297
41772
69913
99668
23446
82848
95642
22228
37369
21803
25252
27689
95912
18623
86317
54801
56431
81627
53104
75655
37882
1069
8611
27920
52367
12165
22207
60996
51891
51213
79882
15302
12602
20614
72075
1457
49159
75881
88377
74536
28458
90921
13939
938
80136
13176
49387
67477
12106
33380
25247
8098
80088
724
42295
84143
55729
69684
21332
38511
31785
83903
55103
59607
17268
41746
94347
9304
6249
66738
19054
70273
29045
43825
1020
64124
43139
45610
70845
88533
98475
61813
21533
56990
83506
49823
9811
14078
35901
77225
25492
52326
69421
71883
82288
18674
2151
31932
10430
61209
13755
31839
35259
61279
91909
92740
72352
31679
40897
72889
16086
76321
73456
20344
38115
5159
8018
23736
42666
39875
97359
33735
86928
21784
11618
47272
51307
20050
65868
83700
87099
5995
81607
94407
16204
6160
5556
66829
9212
84719
57360
41664
64390
26188
24079
10855
86865
76697
55124
42533
96177
89308
19769
16203
59863
26517
96417
17345
98976
44473
57591
66408
5497
66783
594
25501
73656
16641
82706
24843
42408
80364
6738
72120
76701
70827
40924
97379
48847
95803
25093
8175
55950
51339
90610
70202
57784
83503
26224
13456
5172
18605
25089
92845
8455
91962
61291
41698
28473
73852
64296
45063
56206
47065
5980
32650
47045
90362
67195
33878
11355
93
99600
50815
32946
40945
85238
7814
54788
1496
72074
19689
79318
18976
78186
69622
48597
51598
9451
28842
83404
78940
16082
16825
74755
43388
61022
45791
27989
97051
69179
84422
23202
77452
46800
65073
44979
65172
2497
78270
40657
71195
49514
82844
93733
72962
21705
47356
89037
60244
20655
11605
24833
41290
80321
14965
21796
39401
36755
9409
25800
15010
93744
14111
84396
25009
29111
10318
10683
94978
12788
6031
54727
60353
41670
15585
52526
83378
4080
11847
45902
25144
58874
69719
66074
43513
25772
58273
98206
37506
21155
11223
97484
25105
40922
29237
67950
6063
80219
72785
74872
28709
16193
11539
14943
64409
23087
95411
76904
70263
84603
15384
28042
43850
41969
40205
41889
26376
55462
39660
39768
13835
19124
82076
78783
79370
89123
76495
11738
95698
8783
27159
45564
32457
51749
83445
15617
10412
78416
3651
14982
56285
8642
11561
29642
38938
38914
32486
95573
261
98432
31073
52308
575
87222
63846
7137
37537
46033
12360
88815
11005
47864
11568
93322
22580
58097
58672
67793
80073
92996
85760
98027
32155
59999
38618
81733
73630
21050
92438
30393
98109
70320
82002
26034
56018
22385
93843
57629
44944
17391
68657
30488
85523
99426
69921
532
85256
60301
98666
95441
56167
78904
68589
29364
5689
41364
84131
27963
77896
18139
67289
92494
89462
87334
21880
75187
93057
44815
54819
31967
22634
571
13217
53164
77905
34778
90527
24721
98376
53014
81016
81180
59946
97078
33466
48803
93707
4795
57856
16789
7707
43768
73644
16421
14376
60693
75064
57039
45710
20074
50903
5893
66958
5347
10089
58635
28960
22858
70514
35434
59248
89026
17844
2127
92441
3339
16462
85262
87526
33513
50681
35610
90854
38540
25918
9160
8934
69693
10399
1503
15056
36056
90250
85468
85715
74452
92225
43829
85589
70625
49004
68689
77286
80612
73226
80888
68484
84155
71813
48847
80941
84150
7751
8314
52491
11499
16014
68458
50954
16129
30255
94400
62778
33844
48695
64711
85230
78340
27465
51250
45562
266
60680
68136
28206
91439
27028
34841
46522
9801
20188
98551
44416
98680
38812
84569
93415
44227
72330
57533
23234
41047
33714
82761
53110
65897
31784
43296
45416
89987
26895
63
37151
1423
77339
73163
92559
40653
81571
57295
57188
72326
18459
96349
3162
81916
38399
54447
7178
10366
27273
12763
95017
7662
47616
13397
23218
2443
4891
14739
66851
27398
7315
95976
97941
40167
51312
34059
798
24493
35271
76600
57539
44964
10745
94147
24941
98509
76512
63021
15664
20996
81583
19694
67321
82052
61587
16
27040
59709
84302
24273
17144
4629
19530
1761
56010
78634
77099
14055
3001
10649
62622
36943
50159
82525
7903
92616
11108
86746
90481
1088
55117
34109
18835
22741
14410
31259
28981
52160
9152
73434
70379
34091
44332
60277
55280
47129
78728
70117
21285
17812
62957
75470
1884
95945
83940
23133
38493
13045
57089
52604
48335
9848
54778
91663
62614
40788
17534
67232
66055
94246
78006
41005
14218
88546
62976
95076
1480
30438
35931
54562
88600
39095
30980
90589
98570
17760
23113
57623
17058
29015
70967
3212
73776
58692
74184
49252
3866
71347
76591
49957
28523
94885
28983
3165
67443
2436
58334
35561
62501
78114
41548
37049
73570
54495
47805
14505
7461
81800
3966
44031
54409
12623
73754
49429
1239
51073
51909
69984
98058
18574
49530
24416
95802
14643
84449
70466
9106
84158
59412
75142
81275
76886
60346
64562
22126
72823
26944
27172
71323
20344
56422
86460
51878
30167
50225
92041
64526
35745
92460
45286
11393
1212
28028
61042
12384
88782
81867
87626
35917
72892
62338
23977
27947
82047
14860
30768
29227
38328
55706
51047
93299
74265
65879
62821
21605
36445
39674
96959
49008
84083
25545
84949
32907
60737
61736
77891
46996
1179
90936
65595
50622
89169
1489
34741
89864
8935
22192
66692
90990
88431
88625
34932
81648
87515
1323
86721
1239
29799
38703
73862
80138
33624
52701
45341
33480
55460
58131
60894
86299
24443
11642
28390
4044
2381
8800
72651
47058
60765
97652
98807
70943
10896
13215
56783
72337
51633
9715
52937
83203
21021
26113
20888
9084
35606
45388
64631
19860
49411
55187
83810
52310
27395
60659
73928
48706
62339
69727
88118
39629
70695
67605
32080
29511
7160
95776
41602
54084
47934
20320
48916
3537
18780
12062
14230
22875
69591
23986
32611
73905
73283
89292
48161
43355
6858
99563
53716
68828
79549
45828
71430
17871
63211
68572
52917
42586
95502
28903
41475
16756
3087
23176
45723
27756
27125
90169
26134
48153
98556
74186
24019
86048
20625
99490
44639
20493
8869
19945
55931
56824
68055
84272
56177
12734
71446
47475
98922
54917
42051
11917
47968
58106
10653
40428
27068
99143
93130
56928
21810
15320
87505
4920
50026
32875
66075
80092
51403
5645
16184
62534
6524
92914
76303
36082
33581
29832
71070
74396
14946
55984
58142
95296
29747
69270
40236
73796
29624
31597
31934
64812
84333
33417
34870
82623
48785
6012
60737
16397
27755
37712
8062
1249
6073
92547
48422
65523
76289
93560
74938
33822
76443
44782
97189
10264
96017
84685
98969
60420
95157
48482
64851
9524
96197
56174
50025
22172
59701
8787
73953
49538
94226
2249
28421
11405
5192
57459
91536
26408
37577
19183
56917
78228
11219
74404
24773
66615
73619
74892
72598
44593
877
56011
69237
46062
6124
20699
52762
36834
25851
33041
81762
32285
51824
97157
3424
47138
53720
57616
99816
43819
62376
39442
52616
68930
20127
42653
80584
89761
2723
68309
71366
43815
90206
56398
64787
64079
98722
72434
47813
79953
14705
94137
63379
69487
89762
77007
9414
96513
15189
85536
53370
18373
64801
42592
20567
25791
84176
70683
21959
23811
11341
9738
69663
12427
32102
68850
53985
79682
1588
22314
74040
30069
6329
83672
95631
3974
55142
88147
30600
81761
9199
49359
29272
37727
30800
36487
49067
47043
18177
21636
86412
61132
95642
36908
73579
53399
39990
5713
10330
26170
45116
61159
46224
46595
88127
53540
36071
73981
45606
4816
62400
97693
46906
83410
86298
10416
5697
2759
10259
91175
72861
13280
44427
86437
98578
75335
71404
45609
21904
15966
54425
27943
49653
87926
49880
67005
79490
6705
66405
43633
97836
87163
76907
48623
65375
43991
99304
2648
31538
36443
56233
82455
87765
6275
72179
22033
76256
91038
51786
57520
23343
37988
71644
53814
49427
31827
1067
95777
45681
95044
68313
63569
98052
43847
31022
17888
68672
55092
41832
95591
12533
76332
85368
9081
12723
44204
94628
65215
71826
11440
60177
16687
53313
35564
5195
50202
44659
52626
29671
64240
4922
39910
7945
1745
57131
60154
74146
39850
83721
72407
16622
77458
46513
63468
97760
14898
11520
9216
21351
7022
21565
15956
94404
62770
87835
48976
38200
7998
81223
16758
94356
16905
62518
39035
2380
45148
38229
65960
3209
56153
94092
7197
63455
22500
24934
74375
46107
8666
67498
11143
18000
90354
97446
20367
92931
30460
21505
13117
3086
67413
95705
25514
22890
94725
82712
99391
6495
54583
75167
98749
3626
42598
33451
67525
99319
62191
99794
72633
84386
13682
72477
67330
41937
64813
15143
2515
65707
20417
94077
56082
67080
76021
54487
2278
4662
43571
11434
32766
84933
4222
4938
74344
69356
30241
68745
86177
43433
56984
75729
2775
18838
38724
95616
2044
54555
12843
86921
4800
33320
61782
52960
41178
45462
99613
38683
93352
12528
89023
99836
57113
67490
87618
72004
88994
99533
12759
73496
38609
51117
32678
51494
26210
48650
47804
3962
57344
66886
86839
92372
85174
2032
63031
95886
92617
81947
25032
96652
74092
70644
78208
37695
23161
37654
66994
26897
89134
40272
1604
78458
21772
64178
63647
4223
11404
59567
92927
42476
67550
7167
68784
88868
83642
9550
31186
29144
12478
72901
38511
1139
49763
54223
86044
50474
11699
15404
10354
43668
14311
17871
76302
31588
88661
21813
67742
69468
82374
9268
52676
44549
90238
18383
56229
59384
20708
29593
81277
71073
10949
32051
91724
29422
23563
24846
21313
73476
31990
70703
27451
74592
67836
51979
32206
52977
9084
8987
17018
96252
87288
80394
75129
46424
64988
16324
36249
11336
34350
46391
91309
61573
13234
51121
25333
72069
78645
10798
38169
575
58269
19182
29302
77888
30895
73227
72072
73355
3346
9559
15797
29107
24979
81476
37768
40910
33142
25693
46108
90200
92075
2075
99358
13692
1185
91970
71186
22556
24836
20965
63605
33126
76651
42005
58014
31478
92409
32983
14333
44911
96794
41696
39563
41318
16231
69079
6880
94192
12006
79071
87494
79429
90355
57089
42357
58796
66593
14028
20302
68488
64735
49032
63762
65341
17718
19415
22915
65786
12786
38320
78608
46948
24292
87533
6802
28368
76495
77780
4726
91646
88612
19569
40603
52659
6361
15472
5826
53320
18814
92374
30427
29805
84192
59682
12604
32867
56583
57934
15186
59606
61651
40618
70536
73696
47478
95868
11895
1720
12429
6871
94892
65835
13718
48462
6591
52331
31026
31873
49712
16232
56167
72989
89207
23810
51956
22931
25596
4938
88666
8640
1386
24949
13551
76246
64326
77756
80858
58074
38874
81229
34354
65488
88717
40923
45347
37669
42587
79200
96142
71903
32315
89648
70119
94227
8546
77675
3254
34075
69426
74475
60145
71458
4919
50263
60751
48309
39173
40080
78827
3203
77653
16785
55882
47805
85642
89567
77903
91225
13253
43561
8939
82382
12141
61012
58361
64155
68583
73983
52862
96788
77104
7629
99811
31161
5381
16811
26276
12157
38997
23307
8132
97601
4494
77225
35302
13537
63753
38704
36819
58779
94413
90080
30239
64497
22581
27876
39213
81968
21492
43313
82681
3616
28315
28346
12956
1201
94404
11354
99349
5703
62394
98695
56808
92412
21846
3002
69299
60414
40405
14380
17139
13277
97300
39549
2292
99155
23450
54051
85290
58874
45249
88852
84282
56209
98238
85097
66990
47084
63037
18846
62125
61858
7750
28992
78672
1085
21645
26321
82845
81558
72294
75165
29012
38281
29179
28709
47943
84770
95492
51430
1796
62496
27023
16780
47046
68409
75953
28358
47475
42564
60446
80616
47504
52765
68351
38665
46589
62705
55710
94911
46673
81465
23626
86074
68251
69036
45872
19144
27524
42340
24273
99169
77667
77923
66950
80845
57806
40659
29525
86291
24620
35226
23535
44224
43477
5166
40525
55841
21791
22307
39456
84730
79910
1645
81663
79985
70737
32193
94732
41193
77642
50275
24627
58481
24981
96682
31926
64555
79665
53000
83628
57458
55080
42422
6074
86242
27124
7217
2164
44802
78035
83221
28855
80117
40385
4418
79395
91601
96380
93397
89027
85532
73192
76006
54165
11007
54452
61100
4435
31598
17533
17922
20858
71313
97448
92417
37068
79493
51513
93171
87878
93781
59039
64828
54687
13280
12849
65147
76557
72265
7031
66383
88523
60009
54820
42550
41097
67824
54127
7989
43160
9773
76476
66686
32721
18376
92129
37422
4096
45498
4374
92864
13887
30195
63391
36676
20547
43294
52362
52304
18065
7239
95956
60283
55866
91286
90889
71873
74066
84048
99477
94308
99782
86806
36657
19098
30577
29183
36362
11245
53237
76160
36987
36015
36833
82656
36675
52551
43438
50891
5914
65623
65708
25269
25137
65380
58051
58390
58176
67800
40330
618
86955
15610
9511
88605
26524
13625
48823
86848
20354
93805
89471
24969
40830
69645
52180
33963
12836
27341
79406
73375
53192
14062
42324
94730
43549
6469
83849
66812
50072
63060
55090
36628
88033
83341
91660
10725
4660
97912
8790
38808
22062
85223
52303
58018
42388
27461
4036
28182
91461
89257
97956
47655
29387
77877
48894
11750
16519
43545
29426
91646
52696
1428
90845
43880
95059
20066
82554
74827
29615
72852
21569
30183
30823
43434
74563
81676
24568
24414
92207
83016
9564
6753
17113
2516
57302
51912
48200
49682
76272
61098
71914
76726
4230
31384
78727
40820
26220
40336
81088
79369
98565
3963
90289
80832
49753
19976
79610
91861
53727
51731
39697
28176
42540
98346
99145
71967
4769
24903
51082
44882
20539
14974
50831
2765
95832
96724
91611
18321
80533
95081
87011
8699
11649
65201
65392
69762
61648
95923
41002
52127
47906
375
69203
11874
36717
4589
51525
47074
62969
58602
26357
62499
94415
57824
77860
36422
35989
90037
83160
42157
95003
9184
5481
79447
625
12055
32983
13248
1305
35278
54635
89275
49450
3040
45018
24179
86226
66269
23335
81381
65855
81159
63999
12966
62270
43164
86909
35372
31452
60592
65342
58231
16185
16282
15628
60811
36383
95707
74815
15188
98163
20060
43909
76794
24627
61946
32196
84627
28158
74664
84830
90200
62350
68153
12752
45749
4853
98706
75078
3022
7041
50000
18000
3258
81793
90362
18187
53346
3238
2688
2835
47100
38389
48667
27795
81587
84692
22342
23583
15041
63730
70379
47276
55500
99631
11118
73264
91309
28917
66680
98022
13201
83484
49033
69634
38517
32330
91567
22502
53169
30896
80130
75542
98459
64547
12422
54478
59729
70955
93973
18063
66989
41871
16590
63315
85239
53126
94092
27608
2173
82772
42013
80628
97626
90615
43477
8651
17815
76537
79567
51068
80811
50156
96976
49452
19166
64994
24258
59456
78230
45280
23595
316
10484
8198
65588
5880
43583
63400
32420
67398
10243
38168
26308
68834
66492
74348
64648
7041
27208
91511
42672
39421
28102
58541
63711
46845
88997
38384
55433
74661
59505
95994
3211
25462
50399
27410
29455
26778
97253
67409
62599
64791
9327
20599
79972
54982
51822
86021
96160
73403
45833
44115
18698
42629
8294
82550
68957
4282
9763
63308
81295
32785
75576
32384
17320
9148
31302
62004
173
30076
59237
6670
89999
41162
10291
43147
10435
75546
43398
94821
15981
94975
36650
85391
49296
8300
76473
65370
36405
19309
26451
87443
52666
43691
45986
51907
39504
72958
19920
2587
53440
62156
32807
98329
97629
27837
54998
12366
65868
35993
91980
59033
43279
23698
47521
77960
93802
85831
98602
87938
49864
20485
19330
68476
65240
16238
3826
84579
55486
93996
35940
34227
5251
4425
11766
89308
81243
70435
87536
53001
46476
97593
31095
11203
77633
89802
62898
12752
47571
34178
27013
6004
20950
59656
79129
30629
41160
54599
98230
48826
64587
55999
44202
27104
91516
51841
68645
89609
6204
15617
34001
57777
19242
39700
46153
56755
22624
88999
61150
61691
49624
23282
38840
93582
43334
64963
34556
85216
90267
70626
9597
21315
74966
75170
45516
36103
98406
89433
5208
86978
89178
33183
49919
46574
97781
21462
86230
40958
20871
20054
41857
58563
40888
61560
55553
75771
70482
68605
90071
46523
29012
98272
7671
76369
62303
67816
90295
91916
6212
12302
37062
72501
61193
87160
36046
16845
73226
49479
52315
74827
53789
38020
6199
57814
67959
14999
60626
54740
46556
52193
39240
73563
4940
91261
37930
30862
20913
46645
7569
52210
30356
50305
61006
26839
52637
61081
20558
26406
29791
97066
78063
9923
41617
43952
1115
10429
16763
76202
29430
90417
81912
2454
64665
33034
81681
42285
98715
63816
92915
39304
38441
82867
55488
1235
79949
21772
95917
64001
88826
38160
42650
50219
52266
29319
75317
88297
62578
2150
165
41999
12942
41887
87734
10979
10240
32803
91883
37753
91217
74525
94300
34197
38724
31800
60940
2925
43820
42005
45428
85648
88651
1011
7325
5077
28919
3664
98091
71097
33987
68713
36087
21368
12650
52394
1064
82067
58902
93192
54739
309
51931
66441
59926
92087
44183
82771
3633
33868
38868
76665
40156
34136
4342
99511
35856
75877
92513
98339
34491
66715
8017
82955
32058
37762
43582
77365
2911
8650
77419
97561
51626
70949
58609
35154
22527
27940
91765
4924
48897
17819
47622
54828
83288
62671
63634
66639
1900
99298
20585
3091
78264
37014
61692
97622
58829
13253
46702
71607
12306
92643
68797
33013
34585
73735
85509
11379
89813
66200
86643
65081
83439
41383
23571
95996
66910
64123
89742
15960
76350
45619
91469
31251
10368
52812
75822
38755
60719
62286
14138
66891
91404
42882
7322
16280
19761
44300
3064
2180
34838
69548
10240
8948
53610
48226
62357
48074
47175
43313
56930
60413
81038
94786
39133
65059
53574
41251
3766
67290
29583
14600
11776
99233
17798
5502
14082
65030
10212
71261
21293
90721
36479
62282
83475
29578
9072
1547
83893
8935
72874
44891
65764
36500
4665
54236
46718
61856
34852
5309
15648
20312
46917
27441
94346
63055
23886
84863
85593
27342
74582
9603
21737
53377
54632
80200
29077
50871
3679
48414
40159
92514
99379
21765
18132
72246
58134
39448
95461
25568
87848
96284
56626
38909
75272
87856
72840
89873
30510
23767
58278
53685
98598
79779
82787
43033
73785
34846
29313
90197
44110
49097
17527
96410
48844
94560
69431
55783
70694
68018
17393
11906
16187
20660
81833
89425
14082
33039
61807
61198
96475
26324
19279
89856
60629
43156
38035
83840
16525
34461
69507
84324
30338
22825
47069
45444
84000
13643
64832
2966
35266
26785
55591
76364
80232
98888
16629
82959
67125
84832
70022
4412
53900
60400
48935
89207
87847
69744
89
36983
78189
90212
36018
69187
61474
40115
38541
37468
31650
70076
47529
55961
14394
61533
9363
94635
75271
41868
31679
50963
88877
39093
10983
27429
36276
79523
94010
56594
95432
48623
49666
55008
39806
70682
33460
88358
79491
17620
57534
35212
15753
14908
1120
36195
10024
58357
62417
69589
33060
80705
66111
96269
46571
84030
51521
71909
35360
43077
32623
79501
48163
30074
97887
2176
11521
62809
83417
54950
66959
73235
20847
39415
57997
63473
29022
55263
2441
14268
86539
74001
85146
96223
84775
67189
69938
43877
68459
4891
50360
84565
15481
32487
21374
16968
15654
55956
76599
22098
74541
48196
99021
97253
8058
96362
57418
34580
6386
94422
92078
14008
76392
89259
12390
36314
71213
69859
27230
84227
65932
49180
99410
78759
13821
4257
1087
85124
7051
80707
20589
52887
94847
12091
77858
30900
33702
87872
21530
2033
1233
43392
2757
10188
23001
66825
49099
74509
48459
8591
63582
76740
89593
11693
93883
92176
60476
85086
29268
48565
78209
59565
92727
79034
73105
48381
43531
11934
60651
90015
71686
37702
82829
69779
54099
21680
45416
29069
5685
32616
56537
81705
62367
18448
23254
28338
1115
63621
388
82689
12738
97435
22793
1111
72972
68175
22145
36570
18964
24772
33496
3793
82247
84952
60026
26840
44997
69491
51633
83970
74810
97512
19375
27198
87106
20170
18672
31993
29170
2915
73334
66866
85899
6844
99929
27730
43591
30190
82705
76716
72422
32783
29731
51889
87798
26588
18178
28066
98883
12744
52721
35618
80206
43858
75264
82764
33372
57428
58110
25827
86789
46132
74729
20988
55094
96207
75750
38928
28168
43967
35452
24257
99678
24066
48633
75913
90644
50703
33927
8503
73175
24400
52392
86813
87957
41176
54795
74528
5062
19013
85229
60290
36668
62972
94137
39631
55152
27657
38614
60193
13587
42843
5753
12909
70006
96882
71860
29321
5975
99323
41251
57940
51026
97885
70606
19699
92048
1165
56937
39652
7245
55051
5711
5682
83799
7700
68120
39096
49073
14609
2510
56829
9628
22441
37149
5304
85723
3220
38601
71117
61488
60425
4278
7173
85507
88785
70390
43567
43256
18241
10793
81678
17302
38187
7274
50691
59849
18873
6902
53111
13823
14816
7514
50457
35786
62132
50965
70612
5936
38436
44734
76751
11344
68872
4845
28695
55474
81978
17642
86684
99359
9875
78420
14300
80796
10485
88843
34225
62765
12745
2528
92974
28106
22014
12470
94763
55273
40351
87530
71
78675
51256
71095
13636
2143
94332
85750
80415
97194
92781
58358
17965
78163
10434
45944
25078
2762
81589
4468
37452
17731
52755
65155
62946
83836
67961
46368
27957
91929
83228
80095
81221
42344
86490
24265
15733
19167
42949
61890
31082
91351
77063
40561
95756
31712
81296
55133
43681
26420
47663
67631
87405
2199
16730
31585
8763
8515
11975
67093
18174
63802
38341
20277
42786
96617
62565
47429
79682
5895
19598
97191
7335
83413
2110
99000
89808
91072
51173
78137
93729
28950
87189
20161
95892
4810
6940
7295
14416
78843
54995
18225
50023
14853
86752
3144
53780
3090
71092
86530
78806
72698
22670
92364
55957
88225
77406
27324
17833
3031
62734
33776
27552
55868
38901
5133
58582
66882
34480
56439
36276
89198
844
98885
66261
7021
56351
64707
65356
93454
23900
12833
59782
45217
499
9094
68051
35020
27451
5499
17019
65907
35180
75686
96004
88504
83332
75150
44973
50845
15609
87072
61925
64379
32684
26665
5926
93248
60160
9194
55826
64177
53184
62450
4535
94718
54995
86133
61720
71270
21197
35795
73965
37109
85345
44226
80332
82218
77897
82266
9459
39394
58274
19663
70482
3861
11945
66622
93105
25882
50054
22159
11346
15650
3825
89502
87907
90754
19991
30250
6626
68209
90565
61730
50612
174
5957
24725
41259
51109
85050
12925
63239
10250
86702
17834
12506
31618
72123
22060
16538
56977
8671
1871
30235
25484
33125
44283
91220
82549
13692
69264
5208
6791
46804
60861
19748
43421
94085
34135
40810
61217
82940
52673
39246
93921
84640
47848
23421
70261
36822
56223
34547
60846
94391
15855
37011
11854
23471
83784
17574
28778
12599
87987
69908
48362
51270
21058
54029
25520
97931
32676
89790
437
305
92397
20781
37943
36492
43436
57770
94582
46452
96475
90126
52571
66832
1358
48921
88358
55826
80146
70133
20646
6715
53736
12281
86090
72724
51785
50947
48002
90352
55550
21764
99229
32525
47174
19587
14855
12455
81520
66688
45356
73230
22103
45755
65924
13200
87343
17142
61543
18958
94706
57096
39969
59260
13723
47834
97916
80447
89192
81515
93597
47918
45885
16452
93020
67181
47578
50667
21713
80854
4147
49328
72939
85464
79995
48946
79571
71327
66129
44607
14822
61736
52901
35114
14801
88881
63261
50399
40841
99960
20063
51158
18370
1101
18236
32998
24469
49807
23241
29859
96505
58612
67326
23770
26256
45270
35364
15939
13114
16466
8100
78498
61614
57570
40693
65268
34140
2576
78738
51633
80951
61624
60197
65446
43868
67095
61194
67537
41210
83390
59479
81325
55683
95573
75473
84576
86411
17219
94635
3138
48732
56345
19052
19417
97614
25445
599
65886
69527
26659
36897
47071
48995
18758
34857
18854
83161
25338
18588
83970
49657
37085
28355
10216
26490
62422
87487
15452
83010
8579
86137
52300
53960
7924
23588
24470
2251
81004
24752
24673
8323
62449
14252
7805
68145
67614
97861
45112
40833
97252
32579
43592
85394
51193
71283
63599
25520
84878
97149
75016
37419
69635
75142
59817
10518
45986
33212
18637
18319
54874
94947
79601
48370
18426
66382
21064
93823
40203
901
45061
99024
2018
37549
17606
39938
68327
86847
35042
59563
84223
6668
11921
22761
47825
21236
6819
29392
61113
65240
73567
31691
36125
97171
77962
5538
62859
41623
81999
71270
29190
33468
69449
47294
77078
9999
90344
94148
50846
8999
41524
75281
47036
78727
74713
31
58525
42570
82637
49318
19161
49789
42196
65026
14295
52133
59241
21930
99045
92555
53644
49045
24712
45748
38591
98674
42259
50200
5797
8997
22881
67592
87715
26282
43925
92807
15476
40990
87769
18125
32385
81531
2748
13530
77100
26314
67345
11606
92333
3455
67780
44587
78479
320
88922
67556
89248
74727
38298
528
45222
40900
79419
65971
59685
59918
45223
67646
6485
95668
71858
46172
93543
1079
37375
14260
15777
97834
30537
83944
37305
29544
19969
6755
61337
58739
98942
43572
45550
88408
33328
57194
77155
24138
63699
31332
56656
31231
32858
15292
72041
45657
32845
83519
96066
70766
50892
89561
63611
73626
99936
85485
72008
99098
9647
8579
83682
14934
53053
19026
99813
44341
22101
67349
17708
20787
12616
30645
67402
51112
4355
57014
81244
91043
81200
64113
73551
87358
3000
35558
57743
64053
26433
32855
6153
79339
12190
64501
73033
251
93221
90546
49691
59720
90795
9542
91418
52378
32187
60560
69661
66714
43330
59845
25706
17668
69025
35906
36894
4907
64057
47848
78880
83862
60684
36539
4255
82686
22621
25412
97552
14023
93012
9181
8132
5513
23661
34114
38724
78616
52163
92490
51452
37941
81944
5185
77896
63912
3194
2723
62774
14542
11639
53957
89580
92323
39447
86692
97543
80990
16652
32221
9109
23303
28000
97143
16948
41159
58844
91801
94049
50729
59474
43719
70465
9417
68931
6100
89189
25129
58049
40654
48176
38528
63172
82574
90094
36273
55834
27564
40847
27349
32960
87444
36429
90193
73721
95852
84604
44701
64387
85276
81818
49993
32954
58851
69387
86850
88012
19558
58707
82536
86964
73714
834
45707
94915
28856
53614
46072
56780
8999
88140
92933
73199
54491
72196
16867
94282
63096
70928
13875
25143
91505
30858
65393
15948
32980
62396
9841
50964
47490
96353
65222
18845
62656
21123
60145
40954
79564
85052
70095
72937
28223
87794
67816
24840
84401
63346
85454
41144
47707
49876
15917
27535
75574
12773
39008
34521
90345
86783
59561
90809
53184
1679
66822
65098
87434
76017
67727
83477
58942
52870
81085
51867
76967
88052
21631
43525
59355
15016
43182
90941
76627
28904
77279
28053
75067
43753
15981
32139
82209
91302
78389
34638
32136
17065
24006
24765
63931
86229
28008
73363
21617
15073
46106
62499
51921
83416
29741
95365
51886
67601
31762
95523
9079
21875
82632
22605
9269
1611
27851
52022
42718
26346
52640
36448
81234
74620
81497
48351
36840
32079
89542
14374
3815
7763
2945
85510
51743
64765
63203
11263
92461
73746
94442
96618
46329
86717
83629
98297
33953
6911
5921
78326
88414
20092
39457
61586
5583
78386
6187
20035
17067
10652
34527
9714
17637
87435
95549
26328
77386
28565
18423
7776
24384
933
77725
64142
68782
22695
6349
6729
1768
74234
15974
65549
49145
62732
68879
61642
39953
25122
44152
86444
79185
44448
90506
30784
6774
75632
52682
12824
52826
2263
14667
42145
71818
5807
69347
1980
60940
67020
73681
52183
36146
95248
83963
42805
82995
73711
85436
14850
36808
32652
74050
81150
80402
48405
50214
78604
56386
87502
73856
63426
43911
58151
10604
68551
60346
82137
62340
79373
1448
42390
24666
91141
23883
49585
13316
45388
37819
86769
29323
81651
72088
81446
48258
35094
95532
46544
46020
62626
89767
72784
77718
60918
75271
97463
87802
25334
77282
8136
43139
86619
95588
64212
46833
24854
31091
84286
56371
58375
26585
75368
80474
33022
79227
37089
2142
30882
69328
85486
9126
76018
48564
8867
85709
17891
15590
30419
254
54517
91505
90990
88305
18928
84476
58832
4490
46691
57188
9126
90177
26708
57051
49372
18202
82481
32780
96968
56538
24654
15158
10515
77143
13542
82465
95116
18999
3509
77224
13410
31416
91346
88487
25578
96017
51565
64934
13569
94264
1334
22716
22571
91799
49080
22532
29050
53178
70468
53454
43977
55976
92442
36475
65118
1824
17331
28254
54410
39790
86159
49133
4415
37074
9573
29337
38231
73328
7698
61201
63611
92210
16728
68875
22907
76385
7951
85860
51098
52062
61274
75610
95434
30638
59718
5901
57961
82813
48317
23107
15986
44584
57744
74615
48874
30467
11392
92993
59325
60800
54854
50319
31237
65350
30466
7680
99339
14230
48661
90157
84795
11312
82352
63412
85622
77272
94083
88633
35783
80647
27913
18998
38798
53210
921
28579
58383
7809
23732
42602
84841
2203
46364
84290
99723
80361
16043
64379
12245
72576
22206
61853
64754
40142
52731
8557
36431
9477
79227
3384
17500
86637
42627
13302
21048
34257
97789
17967
70839
43769
46833
64867
74759
93791
8710
6566
6556
34033
4120
10063
47926
49975
52018
59428
3996
6346
22455
17367
50164
3600
8987
33209
85713
72630
40220
20930
49795
44778
31729
55331
44514
96152
79305
21031
13312
82601
21521
59501
45039
19018
98636
87324
70236
67800
12938
93533
93911
3576
50663
85145
69219
52864
97122
18460
89036
69438
13114
92386
25274
98038
9329
17757
68486
19904
36016
6491
7832
7853
65127
74581
39967
72461
81687
67381
73333
43445
7738
71811
97804
93676
74658
47235
58463
56090
62413
23641
26151
50376
69552
86449
86434
97894
73585
63436
99341
55018
63561
91874
97727
46704
18903
3374
6016
66251
33131
76028
72074
28461
75713
70058
70685
92778
64805
56996
82391
18353
23754
34606
45799
88802
17396
52342
75600
57843
83950
11002
36656
28117
50209
94484
83373
71655
15669
54736
11434
26019
11035
93887
12268
93275
13797
29042
7332
43565
55012
72528
21892
89899
63344
54366
92931
98567
3912
93654
46808
73907
86570
54241
44480
15857
11963
7853
87534
47907
63926
96470
78744
18566
5652
20887
10867
27417
66588
88192
2222
98679
87198
53091
21290
18462
56293
34210
18191
89633
46496
76792
77796
71357
31353
18793
30645
29499
88309
38941
77547
25285
89682
24134
82384
61191
21901
80853
44913
28560
62915
98151
93308
20518
6555
36473
83944
3083
95548
24833
78904
68321
47217
41121
34049
67884
54237
8708
22280
18433
55945
80588
97536
76545
46980
20273
50725
34250
10132
64539
90507
83971
8838
27731
61111
12420
27070
76183
68833
23315
51549
51276
40991
22647
81705
44390
40564
25095
26467
453
42388
22605
17393
28467
18261
58352
56720
1300
12656
99754
13262
48834
23611
44907
92189
51084
41083
17393
59778
49314
17014
84604
11272
94292
77601
69421
76160
21739
89435
43579
27734
30769
55356
68062
62626
68002
60808
835
6899
79554
95703
44276
43941
18791
35752
52645
90614
13044
58193
29888
74463
51693
98566
470
25365
45808
22313
7563
35035
20161
93160
54884
97758
81761
77672
91568
20587
30936
45851
4712
99389
11357
42140
50083
49887
22745
7175
65297
76813
46062
65704
87359
18304
50580
79057
43530
20615
21348
3285
69252
7372
45016
38996
6478
38079
73383
18857
74641
29965
85763
80106
67775
5810
34392
4149
73513
78167
53471
71888
4551
26818
90665
46414
40247
75140
24235
32925
24756
68797
5426
42560
11192
73407
84672
80972
66861
65374
41539
32197
71182
83866
75775
68755
51806
24133
43439
87257
79453
23364
48116
76836
41921
50779
87557
81120
99869
23391
70919
1133
10161
40935
66763
11563
9820
9422
22706
95399
54852
73107
15605
29276
99729
78432
15557
7651
55585
1121
76603
21571
27309
94949
37059
43244
9286
96424
26459
5793
94022
75166
76840
58535
26625
61078
62898
83623
22691
25647
63247
44475
29394
79844
49703
44875
85773
8903
98946
31468
2724
823
36795
71675
69124
16769
53164
20208
78716
11556
13912
38624
84713
65066
2938
32878
66915
38271
40887
86966
57995
61345
55607
53812
19192
75698
2129
7562
96986
50460
73139
10808
3738
5392
83013
45707
53398
57955
96424
77112
26947
50173
26635
41380
36424
35134
77624
10533
30805
87685
38049
77289
19830
23579
18129
21278
85259
63400
20113
20921
41560
88976
90820
16663
72021
20669
60278
5048
87618
52866
38320
25753
21167
597
66696
2411
69639
32628
86168
99044
56702
56324
78908
36970
30410
66907
21097
85714
66603
78926
43636
78998
3362
6693
15486
7514
58015
31933
33167
51303
29041
87634
528
60888
31528
8033
24346
30309
8122
78981
36148
85747
14949
65552
54706
30533
47809
373
82732
77389
21584
86120
27462
27293
98849
99103
43264
65596
19245
19554
73528
40923
31014
21391
46795
35939
73774
33995
86433
91231
1397
53323
2979
55313
92712
2371
81690
76955
83685
3673
97284
63485
88842
58569
46471
15309
57252
83121
8391
70063
94204
29260
40130
73199
15521
34360
59869
78571
99848
76860
17665
32328
37082
53198
2657
99096
26553
34523
48485
3920
40542
95829
52456
70197
84983
40365
70276
56247
3361
90367
14871
54950
8945
33983
43996
41284
97191
96209
3656
42122
66633
39877
1695
52841
38690
85215
96343
38881
59890
24719
7432
83593
55453
86962
50517
18062
75676
8126
85999
12438
43088
33061
33186
325
66170
17829
77882
37718
39690
19144
21856
20122
61035
48764
30733
65075
32267
64261
82231
70419
79
9694
55004
96627
84252
13498
18042
4277
5755
51558
44679
81174
91228
71348
42829
47026
19378
19724
69977
1555
6898
52015
62959
9884
15899
92724
71747
88478
14735
72441
95598
7516
42116
24910
81118
95259
68895
92080
79224
36579
45526
52330
77688
97009
41756
17551
80600
78036
23860
33951
42755
52935
15678
78398
84045
29549
30404
48061
79284
52722
21798
75849
17027
18016
86840
87631
89594
10246
12778
41537
83293
81815
41497
91434
29607
1402
88152
1986
75126
1667
59544
95639
19825
60682
12430
4695
21084
24245
50754
93929
32591
85700
3889
5692
71350
79146
76795
25352
955
92027
93587
16185
54092
56056
92884
97165
25359
46855
98372
13010
49383
69406
16662
49050
417
49762
83854
32687
60868
44655
93299
39133
40647
11914
4505
90744
50257
30900
12717
92911
86045
20536
90466
88787
5574
98182
22562
90546
23653
45114
6833
51930
70474
12849
60903
76659
4684
53263
3192
72733
27751
31843
16888
73257
12118
52909
80759
92071
88860
15289
41252
25988
42896
34750
12306
4513
5158
47549
77005
38626
37402
44960
24123
83571
73687
99501
35175
27734
64072
56923
8956
17629
49557
1381
22072
23656
66426
17643
99876
27547
8091
53168
78918
30702
31214
47822
94785
47835
84544
16667
94925
93582
40463
14583
59639
99609
2696
88207
49400
77642
74028
56697
16694
22406
38833
20199
29872
33316
35704
24562
46660
13758
55295
16854
75684
53060
44807
96103
83940
8153
21764
41164
36517
73276
92245
1584
59388
1903
83593
11630
55634
84088
65721
91460
12442
83846
85706
38004
12161
58172
75395
22039
96223
50790
78586
81419
7643
87906
3333
84562
67998
7314
13860
53659
82502
40101
2664
58304
13691
50806
63784
7585
32707
9619
58171
5246
94584
41879
54650
66082
51751
50446
53801
89745
22541
1764
3934
37770
72256
69189
78708
75960
21848
39366
70513
67740
75911
83115
24353
29908
95992
79699
64350
84071
15727
18947
28334
95703
38253
24769
5020
67804
31340
66468
67626
35068
60970
89018
74434
39456
70272
24452
10367
70387
67047
44644
48232
36515
64860
31814
26134
86691
99562
43913
60773
83809
85660
24013
68196
60580
98374
32293
82100
77806
25300
74904
55105
74795
40672
6509
16978
64924
98883
82559
95152
98996
84073
92346
79739
19964
361
36705
11594
65689
13838
91439
48734
66007
83155
34478
49009
58901
41374
42076
9234
56596
89598
48753
67413
63367
40492
39219
84660
52288
67827
1922
81722
58470
56880
2996
2125
28065
60359
36019
12380
78159
29849
27299
12224
95173
83746
70977
5739
24048
51945
26101
37947
16232
95659
14526
32992
76461
33527
58707
99275
93907
76566
81837
67136
57749
60065
3353
66603
28800
40784
86415
26309
59792
43946
61362
6621
27305
94687
83926
50506
92525
78506
20141
5175
92924
79401
68566
35165
6351
68639
40881
21854
56816
63558
15110
98188
36289
81820
58718
27455
90068
80010
13441
32476
19220
79347
81754
11856
46955
84343
77079
25992
12677
44400
5302
35464
56215
39159
40326
51901
63225
16834
90023
60245
61509
27365
71665
75305
95163
66278
62135
19136
65941
92678
66826
40855
92054
81818
73660
88871
87296
29000
39019
19932
96172
84893
37170
91725
69331
65444
45092
45743
53960
86374
55648
71712
80128
39335
91586
95653
10522
87464
37828
46868
1179
27156
4872
98160
97849
92344
54061
30357
76856
58548
91037
49358
38520
24666
41653
83290
65299
22814
24806
33575
71342
24939
97913
57857
99125
40967
11195
77169
38619
60620
61893
564
77023
35014
75490
90594
68325
95499
71244
5330
81869
94396
13339
75806
93849
99716
60128
8730
32380
36615
4102
80847
13062
27861
11400
41094
18654
85055
45568
88870
65526
11907
78895
51526
97924
86975
91039
5460
34082
74899
29376
99767
76767
53306
46856
49579
67282
9405
15540
65866
9055
51298
25183
19725
99160
1416
93986
51736
85219
13017
89776
40077
8565
62385
87752
40656
84965
18961
25188
29732
70115
52533
94845
59947
44131
61029
67689
67843
70230
38201
11223
35952
58616
74186
18608
75156
24057
65630
27081
51762
88240
69651
78226
56704
68573
34150
22419
38966
43625
87557
48718
45302
46310
16783
21448
11306
53886
50549
300
22440
85646
27902
50406
70414
62826
61063
5063
86483
95308
34129
34057
88538
75346
27767
77795
29531
47752
94456
27997
67934
99315
84108
3972
11813
16983
73535
96180
17611
1158
89498
75090
51245
92456
49327
38956
91179
70636
44860
7504
52608
80242
10158
70544
61235
26551
89981
73315
99692
95433
50060
10324
57394
34539
41282
86608
58214
22601
6760
869
13044
18288
27636
42984
11874
7023
8247
15158
39682
53618
74210
29226
25531
38795
75046
86047
37078
49079
66398
98219
58312
65315
17552
13869
57944
25894
1713
10699
43345
1992
30243
90395
23589
72515
12865
15850
82159
83638
3711
92740
1662
14612
53813
44153
8151
21078
77317
78757
74058
88008
25829
46759
82173
73654
35202
41878
63790
44569
50215
64872
3005
79240
91222
35593
24377
86229
22721
11502
25665
28797
75640
38605
2139
19667
91809
38467
53318
46879
10766
73868
98087
65330
15912
75219
312
84223
6364
56402
627
5153
17081
24452
28030
95302
94106
64139
99682
41851
50693
47710
39463
36001
10547
98423
46365
19302
69285
12924
4062
64344
42227
65228
14177
27327
86508
98356
41561
78491
96394
52495
9372
78607
38510
99346
14065
74924
26283
94742
28707
2777
39867
7376
25965
39344
8341
73845
59725
9737
61151
78663
87738
57580
43282
91396
40571
17154
7627
33420
91197
21845
44824
36360
81900
98964
20809
91096
13946
10957
8068
27639
13046
61335
64232
11571
45589
39910
42750
2591
13157
63915
93531
65217
39531
21686
14307
4212
59857
25482
65297
10327
25214
30992
69417
6757
65600
2470
67776
42795
63054
70457
55857
81313
81429
39023
71727
28651
81823
60127
46394
9598
92225
42567
31566
36643
25210
58087
8904
70645
99022
42888
88166
5795
84880
99204
8740
99547
57992
74453
12127
90963
50414
82333
59758
2642
64637
45245
60931
91537
22982
53374
95601
57472
58711
87290
99000
41645
91035
55767
60526
71072
32440
75906
42186
30207
41269
1240
25017
41899
14731
53016
18440
57705
99360
39035
89796
36314
4467
33487
6419
96089
26425
65347
9917
93830
92732
13849
62047
97505
32766
70143
628
18270
23068
87930
44986
41431
83466
7099
85719
95256
58944
9504
87974
78126
32059
81797
47487
11713
67213
66287
74761
70116
78939
77297
27910
4531
55430
20475
17377
18136
29873
81848
8805
82916
18214
81912
32658
76786
75260
1342
23742
2368
92840
12996
13920
62543
65558
92504
20310
13356
82633
96477
89628
58975
86904
44592
33851
88510
39952
76199
62699
23616
77793
58224
78648
31434
23887
20206
63301
27499
41206
26231
82049
34065
25079
20785
52871
37628
54426
92405
41700
58865
71354
11096
79507
69234
2661
30225
68215
95967
32139
33530
40513
12039
88836
96620
57973
27289
81647
4288
10101
24546
28539
37027
59802
35420
47027
73036
93479
97359
73410
60531
17412
54050
16268
35395
76210
37041
29105
25846
78119
32517
97231
40654
67545
12938
20721
54437
39065
22911
28111
20391
99697
72581
23131
42338
61845
82071
5225
97162
11307
54155
40015
51726
34763
59001
66817
27090
49211
54894
60215
37675
96190
37067
83350
75731
4244
34044
8733
72030
94110
98800
74619
18976
86113
61073
20832
58496
95625
78666
63925
88487
52105
38478
52202
27814
53193
83491
42731
46166
16204
73260
78881
4909
76272
30130
62767
83663
64816
80830
95479
77962
48380
99142
56505
99495
71836
30106
70864
645
87343
54368
49428
38771
9886
97029
36684
25148
51283
61528
74265
1369
93012
76577
85339
35380
30378
52272
75421
92918
47418
88844
42488
45758
46331
58914
31660
48639
11560
31037
71045
87165
27224
45855
53843
76472
43173
75213
29667
79529
34277
81358
78310
26737
99569
31364
38719
54580
35569
55273
30498
81091
99704
55651
66932
77345
6291
21715
94485
42880
55989
98088
23270
64961
90967
78302
37854
88758
76158
26456
32198
44944
67819
12025
32927
81805
30861
99261
74934
17283
48588
23983
22354
76674
12947
78992
20236
82813
15445
26591
30165
30639
59808
45462
42124
89762
83854
92573
57532
86875
94152
73432
76846
26597
55305
97238
18231
39405
64506
22185
47040
2001
40556
7841
65045
60390
4857
51645
35515
94683
9167
3972
29531
55449
94996
6102
68578
45369
20884
53710
66217
78068
22352
12796
58183
81966
56852
13288
90034
89464
13460
33143
54396
55641
96513
33237
53825
90217
19611
89048
80101
66775
69281
89333
76441
86963
38464
22480
17496
9646
32236
37804
96415
95422
95845
15238
66783
78638
80554
64696
37236
4567
38260
80743
40109
41114
20175
12744
27133
42000
72926
23812
74625
7590
17136
57407
11871
68090
36821
89361
77162
18991
25450
35129
24231
96782
49395
76628
7590