97776
41142
32789
81440
8237
81792
20435
59431
4271
48511
37464
56378
89118
72438
1068
21417
14389
11424
52045
24414
87899
3729
87219
91563
34382
76855
11419
59091
29859
86251
15237
7632
15742
8652
85044
55563
53154
85574
88001
97670
34
32868
39509
57066
86018
93168
29122
37016
17709
80361
3554
89793
26828
84335
4735
67841
59158
46978
55390
12808
51151
2132
81680
99871
29316
35215
37700
21773
65053
38882
21587
50565
19254
36504
12086
36921
59312
58688
6717
5726
6688
2016
13053
90064
49243
74951
22082
53273
812
1119
25918
12991
99192
87056
69644
17100
62488
41525
88288
57772
9900
95889
89223
27462
60076
85474
63076
66366
62000
56931
93598
67924
44826
15138
70044
41185
68092
67560
55452
6041
96542
57145
28072
43151
64282
52012
62778
54098
50631
66925
31847
13956
3363
73100
82225
14658
43154
82417
50823
12732
51746
21571
27830
11752
57011
53968
11951
40955
4910
75727
56840
87855
86159
79172
85951
30064
90164
42451
26970
45821
97694
11190
57390
89483
28456
51822
21215
79920
80447
69441
73258
68981
98229
4062
66764
63716
20213
88227
35055
86962
40585
61556
41806
17209
414
32218
17264
89469
69016
7071
18184
27342
54612
68953
15674
48039
43610
9414
64844
40646
31680
44300
35252
29351
14886
7888
56628
4520
2119
82434
68116
66275
41582
12469
79603
75168
64460
81391
53005
68234
71669
52239
13734
9131
18789
45908
3042
89875
77357
3646
70653
26462
33849
66733
93129
59863
48100
51849
32509
83314
70718
54762
18066
53795
71590
3045
61228
89103
47974
23591
85706
10769
10749
18802
68116
48648
84610
96760
63727
79795
19839
1216
23870
41597
79472
99370
310
19336
49248
47518
47340
72718
28474
91412
67452
91379
13377
97909
47292
77129
84171
93513
2502
57669
90607
17171
64063
88272
44392
59061
34290
41492
44181
33982
79698
15121
46269
72546
85042
41011
99572
38078
3382
70634
96008
35771
31330
27874
28525
948
84386
37228
87950
70085
11856
89022
60255
98268
12668
44072
18061
71016
35366
28972
8475
90062
2290
44073
20871
48926
40694
63787
38404
26725
43293
86973
27647
14707
74217
15813
77587
53247
70735
49611
92116
80891
91831
56863
59264
91724
54550
32462
40154
5689
18075
10310
79072
62074
27021
30796
40264
63369
44429
20974
46078
84994
5651
72198
4254
19853
66323
36176
58017
90967
86091
84490
21895
87455
70905
72308
64209
2828
73904
51538
26266
42645
50258
59702
74511
42014
20496
81725
33543
96749
2993
83524
79170
94413
93948
20805
44246
87254
90402
60877
41123
29215
3697
95654
75610
40449
31380
66664
85202
60623
26285
49431
40149
73423
55759
99897
27297
80354
80279
52782
75649
68068
46119
57365
18705
44746
70935
21523
29739
36049
24974
70376
70786
36577
44320
67258
29182
90406
5669
86705
23669
71151
29384
36992
26702
7960
90536
32673
31804
83070
54332
559
14961
57399
23645
23093
82610
45221
66969
23975
38007
81852
41122
80575
17381
41910
7750
70532
59784
2424
4338
82652
26175
1752
9028
49298
8060
37337
54623
89144
8271
64207
5571
93850
39238
34026
63843
77908
79224
79210
31608
27192
40610
95707
8176
88253
74941
6746
48905
43549
58225
3330
52918
71547
34691
66619
7256
24166
67808
13365
62774
62835
81275
35591
30368
98032
66245
24827
50646
1513
87555
67200
84556
2402
66925
29363
95028
79058
1633
69531
65100
17623
39231
42053
23431
71721
73487
91156
53266
91488
73853
36688
94145
23958
31802
55243
68466
78798
64511
37756
96485
80977
10975
75440
94067
38533
45867
81563
37242
85894
69876
80657
50293
76880
73
85
29574
46991
32107
80134
46000
83202
92770
18261
22721
23123
52319
63173
88796
60338
11884
46431
46715
71223
86519
42503
51191
45837
34616
95008
84654
28220
40163
28644
16807
46168
25425
66639
26225
47402
33073
53235
26459
18901
63120
99482
7677
60632
28803
10731
80203
25211
6683
42643
99646
1902
53267
72324
85311
24881
58166
24463
45112
29554
14642
66840
22845
42787
48657
7379
24417
1594
39514
35086
56530
33708
11364
14741
25633
70119
15462
17448
2008
13501
28269
55013
44890
34257
21772
36240
4743
45491
87460
64922
40865
7036
4043
8170
94011
85415
70670
6720
54700
72459
20244
64039
9432
71261
28842
84497
18578
40667
87468
82225
50874
10709
36075
98327
53824
90712
27870
13399
29341
24680
78776
43760
59500
61437
10028
74475
8027
91128
29439
24314
72907
24231
99297
2867
89837
43733
93991
84637
74084
49159
79751
63240
97418
138
3681
21053
65886
37137
76704
41339
86508
77569
62747
74005
76660
66734
53643
64628
49553
89547
31029
75360
8646
18637
84370
5478
43215
42806
53046
60659
60091
80659
18073
33767
76194
96363
76045
50315
98827
7389
39381
73285
20165
5468
52023
72515
82011
55747
63237
89091
19438
8395
94562
70656
81951
97400
37620
75052
71078
8849
8772
8647
46020
21058
44211
18244
23289
37641
55770
55762
60546
18201
66348
54108
6192
34538
31715
51832
44986
81476
1561
92012
24223
93591
29645
32871
22606
75586
79634
5390
25753
87742
7111
43820
4778
95206
4413
15136
82966
46101
38859
54423
35063
95335
67409
76766
41310
35560
27380
52050
24655
47489
57289
91603
29761
23479
21864
46046
86300
40260
70413
8761
40857
14882
63737
23439
82699
45335
29650
36713
90247
19791
98713
8290
28921
20503
46746
76293
65927
73236
15197
97970
86839
15389
42370
92971
94344
92807
46719
97495
33687
13673
81046
27046
89059
6584
35245
5292
33808
39691
30494
87572
85884
63165
15215
29157
92260
71431
89871
65726
88416
38458
66828
45786
61421
48300
15040
96791
85934
43635
11979
76613
14390
44306
97072
66237
96292
19827
59807
84376
91670
24828
79146
24391
20101
13697
21480
61314
17195
32269
15677
85304
93524
4213
91589
3342
95740
21988
86203
40182
86341
36757
89960
73951
19208
32630
5960
94289
3013
65437
16657
49267
23995
58372
66271
78708
83639
48212
76679
8661
79212
81871
19482
92557
17870
71722
56549
97793
62174
37435
85216
12359
22921
6246
21010
3462
30884
17414
50204
11196
5250
29198
71532
8421
23202
63640
38487
71942
87535
47079
13185
1003
63911
18957
42218
55494
50440
50245
33229
74661
2497
37801
28382
39664
46602
78656
16832
51750
38421
86172
49729
13445
24377
8117
9431
28142
21091
85968
60255
33358
7750
96781
58495
89779
54520
17913
84588
28480
26291
69831
813
47272
13415
52340
94328
45795
23963
62186
14875
73119
69194
93507
11908
30636
67005
95945
14523
73878
37219
26030
81422
68390
29221
19654
74552
73168
51996
89653
66161
76960
73088
54774
4396
34444
10523
23652
58601
92774
74602
8239
234
44104
53997
18077
29318
99017
90515
7938
80628
6848
5624
95781
85805
10799
2766
83634
59823
86549
10524
24368
60403
10792
56670
19047
18919
89942
39685
93159
66747
79954
55594
36754
20322
15430
16541
99448
70522
6192
16451
16542
75491
69393
98374
73952
98369
17320
62284
98030
84214
40936
39762
55783
22619
62628
63758
42818
67669
17802
20458
84011
72986
59438
96172
64666
63406
51347
74371
81991
12267
38547
86701
97103
1338
37536
28354
98558
47728
53628
50721
69352
94648
73061
74606
93361
57798
54815
4751
93993
54615
76977
27145
36408
79515
85699
87699
25287
53489
80753
53090
87633
56293
20362
22115
63438
46468
99021
63947
83344
9414
58522
93055
68549
63699
89914
15948
84506
56270
7958
7174
89204
60132
9819
27435
97994
10679
76947
45390
32090
50478
31377
69531
38128
30044
96794
40898
95458
8626
43798
50974
21172
82788
46160
10511
70599
7032
38940
3457
23117
35700
98023
3001
22585
55944
64942
75951
64973
71365
81633
63867
69903
19457
73057
10592
80962
46454
68325
55494
50257
60275
30054
2956
45300
96308
27273
58721
50798
95952
90157
54276
31572
36771
31401
74722
42714
19685
23229
65301
98779
88584
80815
37807
96585
96109
52529
75470
42886
33328
15990
7964
92884
1113
43238
44594
20701
9118
78498
58917
23317
96693
96704
87955
29491
22391
76631
82138
64588
92528
31172
55496
27791
11895
56536
74453
1583
30340
55830
14030
8414
53514
8068
19269
7569
19927
63224
59819
585
10042
23557
56974
29357
79181
86043
59708
87655
21665
94565
67357
73693
56844
1785
11426
53940
13963
93249
98392
43471
61526
5684
49155
49452
69220
33438
9810
65847
16593
13376
8766
17501
21616
76092
17950
55795
52094
29038
40607
10221
47688
6259
96618
77964
82260
92027
59563
82611
81362
99239
32714
39914
46563
76736
28259
47689
85073
43426
91009
98856
68056
83931
74535
19872
94661
57126
350
7202
42561
63348
62266
69605
49376
83125
43022
5611
7218
78845
68117
3073
23400
12519
63812
65580
99999
77417
81265
98022
26700
78765
15663
24756
90145
36827
6138
87417
70602
75868
62795
31174
15463
24667
77934
83203
8950
48208
8433
83868
74329
31961
85714
69318
46115
76153
46352
5825
43016
69691
76955
81825
29506
66867
61939
70160
54298
94151
27648
27806
6090
36449
4296
54134
17415
19372
79789
14995
4906
254
96720
9079
98029
99896
25375
77589
84921
28799
95764
61767
17587
84857
53450
52930
76117
64876
53625
84208
1570
39022
45972
23635
49797
78839
51564
28233
56920
71511
7623
31864
41854
33854
9190
45683
86431
86833
3017
50327
33447
18922
32998
81582
51227
11602
70577
6012
9033
8630
24705
35184
14472
4674
4523
44926
80135
49870
31813
32620
62220
90116
36132
34372
80711
75174
59381
54315
27492
38942
7756
55027
67891
93613
32971
49805
69531
70614
87730
32348
86626
39378
65332
49529
59256
40706
69172
67608
33561
97640
61921
59662
63463
48504
16081
88304
90962
56272
18651
5873
33161
89509
51817
37619
7019
23622
9578
83018
656
6229
18416
42761
83355
89396
89525
64149
58843
100
38999
56602
81679
87612
31403
80769
7275
91589
34773
36082
84721
34977
95023
61066
52247
46652
98772
56171
10512
84314
4050
67256
74509
6989
23779
74721
94114
83894
55491
1297
51808
57546
39832
85922
65217
60457
85952
76899
13746
60939
48987
61654
63819
26652
61780
63294
90299
3504
65681
70412
40817
11630
57168
34538
56561
86938
10511
34423
97729
11991
48179
6478
58710
70672
90524
54089
48899
82202
10664
35761
25441
69898
40739
27246
40785
64965
16218
75124
22130
479
16297
93080
21196
20273
32082
65213
20458
18750
1379
43763
68025
38093
22056
72142
40725
72099
64772
85473
1590
29004
69260
90284
73464
42846
25590
86563
62566
84885
63055
53482
20436
89013
76799
85022
72745
24788
63538
74845
86318
12844
61022
33885
96217
22342
26086
47432
78358
89242
37951
61639
64088
54257
58955
18578
81820
48365
20973
60340
54180
76167
76895
73283
56693
13897
84943
55736
68421
75226
91450
86369
56333
8605
82018
72250
34039
28465
31605
417
34155
49551
24940
70316
53770
86706
36342
6694
25419
10915
96079
87065
79420
97852
92885
83311
98848
2415
87183
90193
42513
1306
42339
26117
30576
8432
15863
73674
5263
53848
42584
61051
90206
63225
90092
58157
27714
46960
42246
45276
83032
30536
82724
25415
17467
26776
64193
53511
68889
19645
24757
46982
20911
45452
74608
77705
20199
80753
65178
78454
97532
748
52393
23988
17795
43524
64534
64167
15223
27135
7963
97206
45752
53413
52178
40996
33695
93754
13765
61914
54219
65448
43199
18723
65196
32675
28243
88083
45844
48302
52764
29096
50069
64151
26817
87431
11932
55891
77519
48758
50887
7187
92065
98697
47602
75127
98346
52003
15922
24735
49990
16893
74078
65405
70389
70545
17070
29814
41511
62210
90881
85758
34437
87841
84929
53447
96513
36703
15487
90337
97881
9881
42759
12556
64127
62545
15688
34531
17811
82920
53573
46776
98049
77962
86855
37080
89186
96839
59151
73139
91348
47840
22482
8407
90834
6421
90483
71422
20827
36292
30671
3827
30744
67703
49017
92576
29958
37807
43561
57794
88502
95897
85085
32693
85408
14126
48924
66117
36840
40925
44803
78662
66339
12671
15363
89877
13868
26226
54295
81029
27090
23151
29468
39461
48149
57441
25736
63427
86313
66427
7882
98491
79872
48181
79221
65651
67098
13238
22692
52434
51371
21807
77575
71730
15932
24099
77633
28712
29736
63149
27504
60419
77227
17650
3452
18501
68671
57785
92555
69847
38864
76224
32409
7050
47948
81227
97444
68187
71189
41538
4170
68873
33511
4457
94481
46068
30411
83325
32738
35423
98165
86101
13788
46331
6240
72917
37497
78225
58728
36384
10179
78590
53141
24647
8130
96280
10969
43891
21414
78907
78734
50306
23111
78376
90790
4954
77150
20673
84676
56543
74870
20762
9632
17098
86739
15436
95649
59386
7762
47559
60557
74979
14915
4025
67414
61732
44672
15307
45767
90211
25415
91459
93318
79924
80512
93744
49916
43315
54725
513
86685
5795
8404
38737
31848
58927
38327
53903
27854
39447
81905
40714
19127
17382
89560
43452
1048
9529
9725
88346
50543
49999
18249
59189
66077
17713
62858
21681
55998
64018
2254
88181
15528
7946
2430
61923
45392
64661
88807
1874
49532
73656
32922
18269
10389
27104
12124
13844
29554
17715
65904
29132
70193
4902
72579
15943
91908
2859
82843
92531
18514
70239
25419
28199
59021
89182
13432
56113
73821
59664
20870
98252
55735
76777
80495
28100
19453
11653
81091
29115
61758
26903
75676
29842
90879
7554
18210
14138
28587
62184
81524
97098
36231
38821
32150
42806
38972
62994
88821
31090
85758
16763
70628
343
72393
22813
77713
45522
50296
77337
22378
24347
85201
4786
85947
18393
2138
30252
57109
44318
31139
47910
49161
69398
51682
91077
4916
31169
4305
95782
81992
91144
16682
59240
59717
61134
25294
98855
44300
41021
27950
59265
28283
74228
3645
91657
61514
46267
71760
82118
78108
2541
46018
56768
55226
41650
35803
47984
99651
7538
28356
36544
64012
67872
76440
64042
74107
30189
78329
54551
67001
56724
38507
21481
54193
50910
64301
61124
38793
38642
88559
26168
81283
78273
91848
22531
49554
19619
73835
1132
38474
23173
20158
50489
37822
83529
71534
60885
20321
89516
65854
47063
51894
34066
87107
10008
63141
65724
77827
57658
30702
76709
12842
68088
3297
10603
50862
86228
73593
11547
90931
94312
43762
25131
18907
52992
92801
24466
29357
81158
35323
1155
41427
30888
95936
87981
62911
10787
62789
24109
68734
77624
75058
43274
57475
11108
77340
97922
4946
37884
28892
96425
71911
78714
41559
69101
84228
34618
17947
40102
76041
76569
52446
29378
49913
47220
76087
9306
82772
2459
33903
97756
97497
9129
50430
56715
41922
12712
82744
16153
52846
17662
49835
70636
47460
30342
91405
26897
73397
32590
75463
1051
60314
82690
3638
26069
36182
82266
18908
19260
97400
87194
97050
94863
38742
16324
87164
48919
34281
20646
89607
72753
93190
75287
8530
39364
63570
18078
25222
86076
48479
71827
75614
95053
14478
81493
39960
99809
74649
43890
45041
89067
70358
17276
79751
30782
31292
36669
15136
33970
27497
45225
24743
98291
47594
719
22178
20254
18515
62873
85358
98691
40345
64360
59866
68876
6079
74847
78256
58054
68111
57802
38762
436
99482
8675
45511
63211
54181
2484
77890
42061
16253
95085
51877
6328
11941
48240
10750
26429
28948
79506
97840
46210
31323
66849
35249
575
10098
51941
9970
90087
41886
72433
361
45502
22880
91415
95445
91939
9217
86007
91655
33322
72044
94500
7851
36371
48943
6028
51509
80650
945
38749
78538
64424
34675
41158
55886
57474
21936
36677
53942
8657
12165
68802
22257
86332
7064
13929
98547
27795
89169
61571
30054
58151
24425
46073
35655
77842
96939
29154
93802
57029
57502
86228
61792
83129
55670
68696
53655
87365
41162
65633
69987
20728
38822
75995
64304
95557
79780
16358
63414
21703
10859
75909
29537
88044
6715
16045
45900
56446
14953
79010
18979
74877
38618
37664
85806
69132
70281
96953
54722
68019
51250
83692
24085
62785
64539
1536
27278
56774
32965
95733
81002
15199
89040
62763
7892
76830
24460
14845
58491
94069
18937
36391
91916
50344
85530
37523
55948
50705
18768
62473
78892
31511
43852
71606
35111
9665
37493
28044
9093
15882
68891
85803
17236
65334
97260
45524
20492
53575
21448
10350
98433
28837
8543
3952
21104
17719
67563
92378
78081
20742
76158
70802
35153
98021
94348
68416
96184
40520
57744
24766
53757
45922
8825
72224
36026
30213
66577
56690
94700
97915
91245
75382
46826
67134
70281
93830
22296
43914
75711
85483
8205
36888
41418
71463
2451
16812
96838
49757
46610
2082
8819
82760
94234
13206
34754
36447
84852
97282
1759
57097
46969
72388
95469
85383
38270
34531
24584
32595
68996
3994
21379
22095
62353
66794
18208
34929
34313
51040
40613
80575
21030
52962
33890
13755
38628
34430
37605
47478
13850
3068
79657
20304
49296
25039
73865
57247
615
49875
40640
49918
55622
24473
18563
58309
94172
96566
42899
39831
18578
61397
69001
59108
59070
46806
16677
66440
472
22851
13767
5898
62372
8315
22712
815
46790
83884
98342
89308
60723
68321
72163
11665
94964
59579
90579
34652
46171
83955
83615
97873
21271
8261
82006
48545
37918
80019
45089
65122
33247
79099
13281
62024
55885
65294
29327
50499
31578
42884
28451
94816
14779
18192
48847
37255
66910
56129
51411
94236
96967
31997
21928
19570
27907
54497
91932
63154
60617
29613
53324
76060
75352
87086
9935
42352
33498
27094
50789
396
35423
66845
22146
56498
94217
7608
79216
94681
81437
83724
34162
27777
65239
98264
97735
52971
88240
68751
19781
59725
89588
48104
24029
48714
7220
99954
33367
19174
45546
82360
42199
98042
92728
69853
16455
6142
73628
51749
25591
90197
25708
9776
32706
27071
92685
38385
47371
16262
69269
69313
8016
35137
15549
89350
77742
11522
70364
77643
81675
69380
60580
99630
2797
62168
60804
10940
42301
15723
69420
95281
66005
91985
95555
92787
89869
51027
98286
90284
91874
38403
9040
29360
43711
38185
37267
31660
64790
11861
23619
82946
51998
48813
4011
71383
95991
63905
52608
14267
8526
70554
73323
8127
16580
12795
57273
85826
38705
51103
86124
40923
54526
88698
13451
39241
34258
43760
24286
25716
74826
77145
76533
53744
2142
2343
63547
83086
51712
510
22020
27319
48481
93949
85981
80166
9315
14860
4984
81280
89738
95490
80246
48685
42283
58171
87832
85809
13129
35607
18672
19177
15577
11353
58051
4464
61606
77670
30831
81402
84407
64558
162
50998
13579
68063
84068
40180
85027
22436
70431
47346
65536
33451
79451
30828
44487
5897
54498
9575
85732
51084
91803
65096
76697
67861
47919
9885
26140
36030
96468
45637
35647
27704
32332
19085
89702
82672
76269
87966
88514
86784
73278
31456
26238
5463
20941
46834
7576
27509
14969
14079
99977
99309
68845
13949
4027
49596
89447
26799
88410
10181
91860
50678
58534
88092
77453
12495
31479
60043
53822
449
45645
58370
99129
47992
65615
68386
3271
35602
75713
41967
32202
59663
53445
79274
99528
75864
84587
84373
81151
25494
25699
99895
4620
67888
54628
26271
36228
69815
58308
44463
990
52444
13069
99631
3979
78787
16910
765
96925
17314
36667
52047
58072
30441
79571
81051
72778
16626
19657
68557
47483
18890
68133
47446
9063
23619
91303
60101
31075
38117
89249
60392
93890
87468
97583
79103
83093
69002
44874
76724
57874
6419
12807
72788
69918
17752
44390
30207
57492
39288
25998
35850
13890
31873
86479
81241
44886
82554
35828
90885
13566
92932
55022
27342
72537
46605
881
28523
57913
1547
20568
41653
15482
81938
68493
48291
77186
7753
73667
8593
51711
77390
29672
5440
97880
12736
61709
50649
50907
54572
63012
90104
47676
46279
29750
26350
14210
86748
90681
37411
22794
60517
65778
59141
67785
87922
8069
20380
11138
22383
87516
27543
31144
56028
12719
69068
65425
66680
2009
19014
72474
48217
53054
98843
62035
30064
25643
56187
16800
57869
48100
36706
28926
12074
87429
1551
52951
45393
93357
28777
10670
21303
11462
49555
45906
1951
79933
5613
33120
59902
9152
1877
35249
1964
69209
13269
94273
84815
86153
7007
33081
21889
48130
20909
47461
90022
21587
39052
22483
36300
31922
50657
67073
5172
33274
31927
23062
64322
77930
76364
4053
60515
99406
9847
58271
17961
57652
31221
84925
72380
75234
46993
55933
79120
30392
31030
17170
854
22737
19145
89060
22652
96063
2560
48858
40234
48114
78960
49939
38559
35475
51281
37368
66918
86048
17377
15602
62900
96307
34784
67368
42975
76136
44821
47741
88145
12743
35671
99367
84712
76392
84259
35015
14670
14134
59819
96024
55505
99980
87312
89958
31855
91359
99443
86894
66925
89414
84131
46558
61335
25014
60593
93311
40018
29965
93611
99498
61464
96020
32124
22911
94986
18536
2176
93755
18901
77616
17553
75458
53206
97523
15701
4659
70860
50697
2841
13598
83920
61717
81123
88207
19923
93418
45898
67102
22040
10697
63489
34660
40967
55295
57748
58838
3170
96625
8782
4627
17459
56012
56358
33838
27005
59527
12958
95752
54196
11254
79860
84631
33899
24350
47261
87854
85047
52361
4831
42248
1402
13379
94153
84120
66440
57827
4894
77066
68272
86674
82417
46418
39662
32170
96695
41618
1500
94513
63112
79427
57307
5069
48568
43623
48331
82816
15234
20196
10812
90107
53622
1615
97264
56411
5306
33425
74719
65000
22291
43395
61756
46779
54711
38376
19144
71608
46573
52730
57916
56775
65890
51059
81687
88095
49171
89426
30249
56336
95263
27398
62236
91717
18989
45573
80262
92029
90530
24626
33495
5803
67190
93729
67731
79028
47305
348
99237
33819
57374
58509
96108
97578
21906
47616
94623
45945
20660
95447
13737
6166
53488
67566
43906
60643
6345
11559
73224
63832
25872
92582
18834
73712
50278
35896
61199
30415
19514
51836
17211
75427
93603
98896
43216
74594
2653
92339
51563
58983
30327
9628
75475
82941
31847
61764
60355
82270
78175
47498
34811
17777
84028
58354
22307
45172
81006
88974
1281
726
12472
43036
70494
63707
50543
12197
57891
9820
4285
89793
5429
81208
53643
35595
43781
57867
19557
56887
40625
46685
96779
84995
6613
4308
71411
33402
21351
52895
9385
31947
26302
81019
69573
84366
63412
12282
46853
63252
54882
83384
18662
83496
41687
5924
35709
38667
46100
44065
57744
90870
24282
25839
28051
64210
59895
34735
81073
91875
19978
47577
79133
55533
61476
34939
53426
45079
56170
66494
33680
14771
30921
12029
63002
85581
88240
21782
57025
77967
75060
18899
85561
7328
66075
41796
87794
57931
9100
71289
61249
76612
40672
29288
61297
37588
37627
86580
96864
19687
82266
58060
84063
49133
45618
94205
30683
50120
67107
86625
94696
68131
34262
71717
3595
20839
53671
19017
68983
83163
53153
66007
25269
56894
38191
45026
99639
68779
84250
77797
66151
17726
90715
54303
18981
88966
90342
18885
77125
37759
48792
94027
65384
72543
15433
18578
12227
67875
11472
85180
1057
32125
17553
58153
87359
17419
83580
55764
74684
87888
97334
85664
59234
19442
52594
33421
65901
29647
13357
32237
23779
68841
19605
99575
13635
73043
23701
49674
1743
97696
88826
54886
94917
84604
36891
55988
6176
7514
49909
46218
10899
85415
31762
52788
77027
16437
46158
17231
35233
65976
67353
97164
91674
90520
53108
13185
78418
83650
63534
65459
76293
46127
9743
61529
24149
57999
28745
82471
12639
68556
49116
97748
25
42756
20051
44761
36555
2766
53061
79414
7086
35416
79324
35096
52387
24382
32671
93715
51648
42015
88628
12765
16212
12238
53832
27045
19798
16046
51278
3305
66247
89775
8733
20781
42577
51719
63563
69250
39231
27147
5069
51829
34041
79447
75221
16655
61719
41398
491
26995
73518
45187
60987
21936
59396
57746
72184
68593
22777
525
74437
74982
93549
938
30788
45077
83634
15885
89348
76730
14454
52970
2978
97539
95988
91435
60185
58102
67430
99252
87456
96138
85121
72676
8184
72142
40814
72965
24521
5374
68103
73589
74271
58881
26816
45977
71572
74892
56101
40395
36603
39973
21220
21423
85439
31275
21989
40838
15516
21003
80336
7985
53089
8440
63676
69311
82595
6386
30878
141
55273
18982
84267
7439
42264
42109
28149
96964
68453
44592
79224
50437
12380
6252
7493
62909
64810
21990
67339
40900
22662
19873
91404
31351
91429
33174
80677
24256
44078
28912
81290
40613
62727
31438
81244
2928
32611
48668
82316
38497
46827
37220
6094
90889
23014
11481
80838
61101
63869
50257
64452
71883
98876
43116
72846
8474
92536
44435
2284
59256
78538
29699
13424
42993
27569
77439
31149
79865
35607
92157
43509
70801
12559
59697
52984
30067
22369
79198
97555
85523
32891
68528
43455
92932
67048
34075
33744
3153
18866
68130
11244
19078
18554
46750
28971
35572
77034
13295
45873
63760
76483
26208
77360
25174
5011
99831
8299
70604
18413
87507
86867
22453
31440
45395
35951
30287
7216
20745
58384
16987
18802
95045
20248
83490
90182
68530
66396
88598
86627
63496
37416
81480
13133
66593
64446
72287
26779
52276
64967
45602
60730
61459
82110
73427
33545
19461
28466
78248
30699
86571
96685
56169
35585
51025
4075
26274
87736
94134
7368
66063
36930
39776
46968
30951
78775
95647
48807
18637
67191
80254
31352
21233
56843
60947
51791
571
88599
1570
4628
12001
32734
40090
20489
20582
87647
35401
25426
68031
68008
92564
91125
10450
22677
44051
83173
80585
51122
39758
95511
60791
44783
34848
91461
28679
21155
25189
63588
15339
41969
12692
78610
19967
74186
96169
53236
76705
7127
76902
58804
97483
43349
91701
36195
39243
17272
51156
4706
34098
86804
34015
63400
7875
17416
62576
1202
36701
39215
53896
36512
85429
49818
45179
10637
38001
13948
13016
30671
29387
25244
50713
73942
58095
64733
93868
72492
3442
69898
66286
83028
58067
2652
65542
61009
10163
69943
90717
68219
25839
64179
14385
71656
36708
7890
11200
17413
71484
38812
37863
67378
77037
73521
76452
50876
16670
95636
70577
61873
95373
8826
18935
46682
87283
59337
64439
39555
63670
58328
1
79887
33196
1284
69740
58422
18646
17338
20060
518
89097
75164
50518
84066
77308
76593
97824
63143
17672
26301
77494
41303
13299
43951
90995
28076
89100
29376
53512
49199
36712
35176
44642
12012
69985
6597
74071
79961
70564
30333
36397
746
52973
83928
4211
59110
82314
16143
54841
13177
39005
67524
60262
51557
51614
54172
41085
96413
34981
53555
23368
53512
48357
87572
15420
79400
79470
14855
18550
14305
71449
58082
34940
67278
48387
96184
94242
89063
69575
44949
18141
95959
21456
12187
79688
45046
75495
93333
91155
47408
19775
32570
79372
10529
98423
40206
56913
29692
57878
67042
6975
53519
5645
44844
88734
20282
55615
64399
63686
86001
84563
81767
20105
44596
63235
42857
66682
49727
54477
61372
42335
87032
31000
25743
27265
12546
59648
53248
53603
67844
4699
47088
98051
69773
3000
2796
65615
11196
43034
39387
69970
70341
98077
12529
16937
59633
18984
95809
71983
55965
45527
60566
82902
53130
56081
18328
52841
11815
62047
74305
13697
4977
18010
20353
74910
65652
27158
46248
18284
40549
23074
30371
76097
52253
78263
29927
87012
66983
41706
99111
82627
80603
53011
92417
8929
93886
1102
50817
65158
76488
19159
21253
38697
65898
8671
2656
90983
92279
68847
70290
21480
56538
68607
91053
72875
97040
37879
43514
27820
4512
18990
93233
7838
37001
47961
63801
22531
26492
40890
79116
68271
6126
28338
19246
44750
79513
5161
49475
72743
48493
61758
44751
17748
77935
23079
59551
66872
16641
7700
54600
89575
93808
20323
25168
67021
48310
93994
55984
83566
42301
73411
77962
41916
38892
62785
9460
23694
93093
42962
31980
44903
35959
73014
73915
22188
18527
87303
92565
99429
29531
67309
45495
29515
17315
49613
65755
7628
92510
48309
44953
30106
73488
73876
21416
7232
93166
2379
47672
72913
77733
38796
25299
279
73064
7630
13312
62889
25599
32210
11283
45440
84421
17510
36680
97283
83427
4708
98738
78007
23829
56979
98999
8113
43190
1447
73643
44090
33356
28264
5343
33913
24509
76844
75349
64281
51549
42174
4959
94350
91998
24453
33440
4510
90022
77781
18353
32792
4661
32365
43711
27689
15336
82502
96881
32488
59838
73099
18198
46928
5519
77470
68153
31239
11701
20813
67351
11829
19052
26257
90406
71881
59637
97302
27133
57371
62551
29521
20989
55867
37411
84621
70756
65385
19370
83254
45586
53148
91555
28615
69702
57369
82626
22276
68086
5788
94170
8628
38094
37918
10500
18589
14398
59525
16906
49415
29314
34584
39366
42144
15691
86761
78756
79058
68761
78753
74331
65119
92940
82942
70992
19500
72175
68334
36892
27421
59847
2907
84217
71129
74672
16759
79242
4091
48493
12119
60596
27680
78054
75564
44045
28378
5378
86260
44773
53814
86523
12083
33993
8902
56271
31983
98278
39156
97938
15872
30552
33400
50892
58089
37505
77810
95142
4684
88072
65616
38888
68615
62063
33333
86277
5833
43364
62610
33441
76396
73556
19335
59320
93152
15753
53465
48733
23859
20383
15068
33646
50980
95078
81095
26623
927
69045
45722
30079
38766
77547
80291
9828
66103
83545
16817
88689
16657
69986
16628
24266
86403
32885
80297
62239
60217
37543
4000
70730
9589
20402
63317
73762
84585
23304
22898
96857
42720
85279
92920
89162
4038
80745
94582
27037
16414
27795
34619
73171
14993
46165
85995
67776
7917
77819
74957
12256
56801
4686
97926
47725
61549
36144
60799
47458
52263
79673
73451
5299
53882
4282
73593
74376
8092
98835
14709
59360
96883
34897
63563
18253
6625
55383
93655
87231
26016
37139
73975
83071
32496
71593
65053
63472
25605
35572
24881
11449
33722
26073
36743
81572
14635
16455
71931
19642
27613
84378
60099
48741
39753
77590
76483
83845
86642
84165
41301
24124
67651
81525
84572
44496
15620
2380
54553
84427
66575
53498
34570
89592
38377
59595
60367
26835
70286
82547
39050
30841
24530
38660
14628
35854
56008
38145
62906
25857
89392
68430
49163
52958
7530
76200
89651
50315
7750
26958
7398
51571
35813
4203
36726
75439
84111
16552
4295
84778
4213
3261
22916
79937
89429
50503
17940
56668
82994
69665
1024
89774
783
36847
36217
65331
38324
66973
19439
87398
87061
99622
60583
93963
12063
5952
63936
81491
13797
19836
59084
30734
49051
57257
14044
44306
9333
82670
38254
34559
40383
99348
91305
36046
64135
86788
40545
52954
3204
89259
66654
96546
7624
91444
87409
26265
12309
3992
58580
23546
89554
36403
71469
16043
78619
33074
14829
15251
21869
28289
12358
53911
58293
58058
91032
57281
45285
40733
68174
50934
82254
92377
94791
36123
58795
24177
16372
94327
63588
57053
23188
39972
28300
5785
26741
43912
6303
38035
29110
23518
71319
17778
19628
56496
37159
78141
25276
85178
47775
6470
45213
59242
95412
49881
49798
24403
32277
42138
45360
72078
59764
54021
51231
54225
24312
13663
16395
10735
6672
83156
15957
14772
7495
14618
67354
40135
87069
46442
7586
22714
26281
87906
63080
46126
19243
49772
40920
16736
3
60347
39973
62876
73492
80890
38598
79397
82684
44875
41234
89273
66428
41725
63737
58906
75531
41653
41507
1618
65206
3223
35697
10022
6824
7413
715
98725
51414
86575
54705
39333
2160
98048
68431
618
79500
88449
23072
93351
32081
86492
83788
19504
84848
71931
28319
3521
97992
2332
18315
83087
86875
82731
44456
92501
64625
1543
50264
46859
80278
18340
36966
44766
21828
28845
81541
80879
57720
22178
48560
52690
4422
15780
89132
97707
44476
2834
30904
35620
80190
91858
14235
71343
57790
57476
44626
85126
95085
34543
19760
27598
5716
43575
34341
38636
21869
92250
63756
23254
56151
29678
76233
59571
38738
61013
4976
54596
67005
44438
76652
25959
72290
81058
11856
2726
41850
97909
56574
90586
85421
10882
17275
6717
43012
73832
33768
22906
59923
66307
12879
77570
98675
96687
52008
85152
74166
62949
47197
72781
63899
79784
32642
66991
32534
2646
65395
57883
99194
29457
83723
92169
65684
15871
51936
84431
9898
54438
65675
95116
79416
61362
21784
24970
83573
48597
41347
61037
79688
91006
83052
96227
28455
67314
43390
13386
88386
25929
6358
42948
57226
85764
28780
35646
10363
95699
80313
56543
64700
14355
58821
99118
14436
70521
86503
10531
69273
24200
22392
70058
18400
47773
88817
69297
41354
88927
66401
81186
11364
74292
11712
43824
98287
29368
88925
84592
86390
48068
11710
13254
80648
8316
16267
58934
19463
82067
53800
44156
1012
58256
60004
69305
93325
26058
11792
22685
29610
28742
40090
50958
68501
61576
54728
18507
39823
72351
20436
89295
91124
40906
31632
86710
18556
30263
22332
68853
8129
71137
82289
76388
81626
39267
35809
86560
15052
53284
89416
33480
21498
39020
71305
88563
70458
46629
97862
56560
24213
22113
41055
73160
32284
22035
1232
68417
33538
81858
25249
32152
35132
31636
34682
117
47262
31928
67944
22509
50425
63732
97617
32984
14966
10079
80587
33641
24200
12588
34454
92052
58461
87807
70259
63412
71894
77240
48749
72375
62013
31635
18717
67266
22564
29855
48741
85011
67910
58078
19852
10259
48189
32736
80490
22692
37163
9087
69175
66949
85464
69825
81639
85290
91622
31269
68066
64713
66213
88724
59959
75451
56639
67152
37836
35582
74601
11566
66459
16410
28529
3996
93269
13559
80690
6371
91130
90451
68507
56844
91391
49889
24460
49768
78933
51535
21043
39843
48955
15702
76191
43276
52315
44407
93933
34838
74501
66003
97461
55602
62406
84728
77445
32619
31419
3555
67120
51693
96543
50867
58536
20028
54257
57867
39597
5885
51721
83204
56246
15724
90886
49107
65936
40702
82960
95024
85682
15975
2096
85873
97130
29581
62350
61127
67281
48726
73566
63382
73483
13203
28145
33464
19586
1170
96304
42096
92098
49174
28547
40385
9935
12659
31205
70575
35148
45699
75508
19050
21568
37088
35444
88309
88661
37655
82345
63629
93920
81529
10806
21811
81710
63565
8328
4876
36183
23588
96656
69914
10061
68396
85096
97136
39096
2949
39882
50536
14155
6847
34416
14337
94132
95112
41688
79914
8655
57963
14453
79654
37592
4896
19661
6453
50560
42228
90801
24973
1343
9167
77697
92806
63783
30220
22427
83851
33331
93887
98697
40791
9104
9724
75487
20682
22392
71938
93215
13144
57345
44994
57858
54445
38275
69591
42653
11383
56507
27613
46000
981
94936
33500
52213
77753
31705
49258
69892
14560
17952
9910
64074
84678
76639
96113
92807
61141
55895
16962
94106
66511
54423
5598
99886
72442
37510
35126
98785
16303
74354
83501
20164
30717
37755
42186
10252
13881
90059
92312
61455
58097
63027
84744
6150
32560
82996
66949
96410
44556
67613
89845
59118
78109
31671
32746
7503
73569
29613
7695
91235
96049
67334
71318
4701
72092
2901
65930
7364
70272
13277
56474
43891
85442
37260
89308
58321
84431
16048
19595
80367
47214
66071
38979
62218
95443
41085
78473
96672
31847
84661
77793
11440
63268
99249
23217
41229
4058
51189
41665
13082
69166
15466
24633
98859
36675
78069
59900
34551
59601
45080
29407
74527
34279
10159
55785
79891
61815
63901
60158
57000
41922
75310
80588
76260
95399
87545
28282
17801
46921
71112
97432
38216
42808
6293
64073
92576
88525
68906
98569
53216
56511
35403
95754
13912
42701
81035
22855
81042
58618
41363
80471
74598
87918
28005
1235
62845
37233
64664
81939
62007
33032
41516
82557
30801
99455
51258
58437
84644
94401
19790
30920
97070
70594
31408
57667
4691
55198
2799
67912
82327
90917
54678
7862
33394
35216
43396
87846
32867
23748
58807
5210
36144
14745
60707
88457
4326
82839
87404
45283
31440
58671
76347
90975
28496
17384
21810
94624
82137
52584
44252
34431
99441
45205
1893
95767
19874
40385
63865
81010
45824
79051
23287
83914
96797
96402
61576
26481
76446
9299
59886
78514
26988
50467
12168
35649
62134
32220
15319
8019
64284
8675
90354
14384
18626
7150
96427
99995
53722
31932
52259
25866
59816
30057
3789
56209
97228
77224
88881
37559
540
36453
38033
85981
38481
26629
80380
48076
77
34129
35222
12736
1492
25509
84060
94456
86885
46954
37245
12298
73409
43391
18682
29579
85057
69539
24319
7457
41247
52149
78622
12135
76845
57478
46287
78843
13883
37895
10318
93143
85934
74703
20431
49752
9338
61020
88602
44752
3284
57627
12241
23216
23221
11944
68680
45258
77116
74552
61111
93619
6065
20991
81001
12718
83417
92878
23952
75459
93229
78710
29841
85299
94813
92771
70692
33846
22721
87177
55219
50252
86962
27147
6639
24651
38800
9752
56965
69240
96407
63371
37246
2558
15049
83265
27642
95020
90468
99763
75363
84929
47622
83715
97321
42537
96658
49136
31239
78357
67991
23494
24815
43871
58474
59532
93164
80561
16824
61736
80252
90206
37316
90848
14976
52334
85744
44301
13717
9078
44730
21428
95448
86513
91686
24841
29271
978
78352
42612
80504
54278
86817
62015
17822
71062
4693
27776
89957
51789
64597
83608
31246
64376
82429
4442
81166
32880
39303
49643
56135
21436
3285
91780
85928
31422
9568
48235
40593
29058
83297
31151
70755
5719
56560
14472
17272
62353
400
93335
31621
43262
41264
16075
48607
58021
62414
18816
86472
56820
69080
52671
6083
74017
70623
15657
24668
14706
41712
30359
73960
61156
61777
28401
85038
61259
41697
59384
94288
97032
1669
20663
44255
83821
37080
11459
17327
30326
10056
72061
81389
75514
86182
50194
34995
23101
42751
99522
61905
66905
106
82040
94158
46489
51595
76114
53535
30654
43345
36295
1956
26619
14101
52491
6485
74827
16850
18260
19325
45085
39254
18352
85797
33653
29935
4998
74087
63097
8342
6062
62018
89092
31821
9631
76225
98168
90526
98416
57158
15838
29574
43596
52838
74854
34468
62479
84265
95521
29330
54392
41262
12252
44689
55965
4560
15356
93939
26871
81883
17581
66090
14700
25763
4330
89921
57969
24004
15945
80580
65711
22138
78055
53507
79314
58370
34942
72471
75248
22600
51764
90446
20662
65674
31972
70716
5968
44640
17768
35397
62093
25779
92688
79517
48044
89888
63959
28185
83862
19399
67517
62345
82702
50305
14968
1720
67063
78850
18722
77611
62773
20188
32724
76480
8794
17960
27546
3637
57182
76947
34990
21644
67443
60382
90715
89322
14995
65487
10734
37254
10945
51932
69563
83495
16565
67681
79770
95205
32121
59646
90020
71837
32990
23424
55587
43963
45560
26227
90504
59396
25942
91139
18652
54263
4324
33408
19682
36641
83638
51494
42177
48262
9194
95616
36440
10923
93205
192
57993
29485
41928
1703
83311
93552
44779
71687
24282
81339
3621
4447
2881
85277
8423
64876
83952
45192
84096
81804
59842
21153
68778
4610
11872
16673
18742
40522
26619
24627
60534
26636
94990
23063
52759
82440
82706
67803
40020
88574
52363
25350
69539
21771
27733
70275
39113
6289
88593
49885
91044
45293
19188
42967
44201
62455
3358
70508
70960
47273
46485
77752
16734
96379
69589
53144
5953
85292
15494
84056
3291
53821
93214
61178
55053
61074
25337
67288
54467
68757
6804
64428
40093
13666
20279
75040
91865
1293
99498
86669
38436
53334
14742
75783
49264
49698
88781
84650
57719
83392
53533
35352
4496
19213
6667
25872
38658
36595
81636
94687
35310
76388
71455
75076
66826
24378
43865
62958
44028
22181
36642
60666
65951
20475
46627
46282
36253
93885
29698
87990
76241
163
59289
77101
23568
87622
59831
60681
93379
72837
18948
57237
54354
26887
7696
75679
49275
11349
80212
15048
41118
56870
55694
15689
45082
40020
9008
44089
79681
41146
92295
5626
6221
23261
571
78594
60124
11368
61373
36118
15741
48038
61643
25823
18051
22529
5571
59416
20439
49326
72296
66666
15940
59091
19488
58968
30299
26269
79858
90496
9026
77348
38266
25974
79973
69205
19702
27935
25621
40216
50728
90406
41514
17571
63264
18587
42581
33473
24390
79808
36544
84046
4490
53658
34913
43688
40058
20238
93775
44261
31481
27215
84105
37748
5831
63843
7483
41423
92761
20187
34020
14237
69275
21515
3455
97187
30869
92203
81729
7281
5627
71613
84938
36423
25295
18534
72669
64081
26308
54382
98471
54824
19449
33245
30298
94747
18650
91860
75325
96577
94797
950
78692
2927
33850
50873
13202
82000
99853
99624
12316
89892
29070
94537
42505
99801
45499
57423
53617
29580
76166
18389
18902
38340
31637
8628
64587
89525
41131
23660
42060
20207
75244
19624
662
43588
96840
42568
87451
34261
7526
89900
78400
12541
58037
32455
2724
89156
30167
96915
90788
97255
59596
95927
34515
98716
22969
95784
3656
17724
20931
80443
35939
58977
14822
87629
72741
45369
6118
30845
3720
66525
17029
60548
90795
25040
58400
31537
72226
22926
86771
6516
23349
68636
86381
89347
52241
65771
81720
25560
75251
30923
84177
16611
18455
49798
42962
575
87632
88595
87455
57508
28347
88849
75710
44357
82740
67936
30144
50347
64589
5599
14957
30714
73953
9714
45196
86700
37579
91088
6398
35105
92251
37676
9842
51461
76392
47657
61229
42912
52452
43251
5944
48138
53469
76790
63180
45258
53610
86766
4658
63534
95800
97014
45279
65528
21358
69548
39143
34574
47776
19977
70140
50945
81885
51860
49453
13685
30883
47123
71489
50581
67685
86013
7434
13117
13318
48163
91949
84078
88229
58788
2455
44402
73346
59976
38210
12527
92235
42681
12551
29172
89170
21722
73419
22407
17679
79670
8271
94375
98910
60971
96860
42195
52451
90519
56365
29951
72698
60454
30470
90772
42060
10925
68432
90842
87952
95832
90091
52227
41337
2777
4488
58194
90301
52683
63103
78783
12437
31760
11498
26030
49298
54965
90217
91693
35305
56651
30763
86116
3842
82939
9040
46861
40973
64862
94265
45150
92072
53671
57041
87352
88026
53694
98703
98524
63522
91847
14259
25167
45385
60363
99618
82609
4587
47094
58164
51649
48174
77880
81701
51517
17975
96537
31493
51600
36712
12284
67993
43453
38648
1371
62148
79864
82665
92629
98649
82701
25765
61869
12559
5744
70793
24878
40945
64744
54947
14499
1524
73559
46376
57237
45462
38366
63417
57922
5805
98129
46169
14141
48868
38392
24417
15337
42511
27874
72787
13666
1343
57627
32618
47556
30650
55267
26649
24316
4275
49944
71922
76269
84050
27874
13309
82768
36667
83913
20635
44620
96292
70725
76978
81453
6561
55387
80619
66453
42130
28424
65829
13819
79350
67818
85679
13844
86227
84188
37153
55965
87906
76264
14104
88822
13920
4700
11139
63258
32184
7460
51551
24524
68368
47405
8394
609
63471
38390
29921
26236
55317
75979
55652
37247
41226
91999
41867
60664
27308
49291
75237
80441
61848
99567
99439
86747
84487
91188
6159
93164
86053
30106
72317
81542
17778
28733
76146
62852
97892
17147
41762
24864
62885
51678
94028
3787
38908
86426
41726
95597
70729
14308
3307
49990
20955
69711
33237
34157
4663
30971
64535
95903
10450
90662
20439
28292
12385
64205
608
87744
34368
32805
60180
84931
87961
62316
87478
1200
66759
4983
59083
68533
16036
44305
63336
19663
96402
75259
7394
93507
43965
63368
68112
69570
43211
87403
36607
46820
5424
40467
32193
16539
7630
11519
61662
23734
65628
57218
11804
69989
63342
63854
75254
73025
34246
39027
85612
48180
86326
8490
20450
92927
20167
24441
84904
32461
87777
90378
76856
70200
4980
22084
44006
72092
80308
13236
75618
9315
22111
73561
38903
33504
16484
11569
29396
2060
43896
70661
4444
10739
78067
13149
52896
45241
845
82521
47279
93154
47178
33559
5639
39198
53889
85553
30319
54947
18289
55579
88391
61332
94607
34856
43630
57891
61262
84408
96130
33112
72243
51517
78784
23514
4340
54234
78152
36291
35451
96228
34275
51306
1796
67479
56088
76823
1090
49318
86070
78791
59578
92420
38690
55212
9257
23608
653
96519
84269
72613
68771
48126
1603
1537
12611
70815
65113
3358
78546
8199
11167
97122
7943
4424
67745
77261
9015
59497
77768
41262
80672
4564
26107
68056
47685
24954
64464
95138
77930
40375
39882
56287
87289
34602
39704
69526
46576
45440
55545
74573
37501
14953
16693
33348
70194
28741
96876
66207
10758
20135
37895
3504
32301
81963
16374
77671
62221
95295
78166
42251
55057
61856
11638
13164
26353
94358
74292
86046
79506
49909
41528
77467
44241
58147
93179
28964
17084
24298
99701
17543
61969
67911
27377
96869
71436
47870
2459
20338
33864
73774
92601
10381
26996
30306
83349
43337
43634
70832
27810
51051
17308
54361
70019
74473
91159
26816
10512
47770
11684
80774
29160
65995
41275
37806
39864
20629
45640
78704
77980
71917
31015
51822
79267
25545
72753
34643
69885
90312
66337
79617
6052
83270
90274
46406
89173
42325
85011
85744
44426
50168
40146
91210
41589
30287
32088
87806
1930
79527
84032
75388
73343
30828
26241
29806
71094
19956
3653
1132
10099
36620
65757
2475
36459
22742
59363
87342
52444
25337
75824
24677
48630
79289
82603
86342
31470
67222
27702
20113
54491
40889
20406
69160
4129
84935
31329
79508
29727
54785
5224
96544
4697
12838
14958
7224
32331
39604
5183
73644
87128
92876
12524
17604
84642
62098
80072
90233
52562
31350
14196
3475
69717
63382
48231
92472
5592
41176
16682
35162
9196
65458
82152
78197
3980
15284
57653
99908
98214
8436
3381
97129
46483
78281
96134
34427
4496
40298
44023
55305
3302
7500
43390
95511
41053
1386
69080
25018
90516
1352
76343
1730
43025
55370
55151
49905
96074
47061
42502
37124
26631
22261
83385
39684
1135
52592
37612
58937
96333
12986
18994
62741
39147
9332
3744
51587
1043
6890
17929
27936
18783
77700
32861
82305
58917
96441
26222
70450
95134
91448
75500
40570
54356
51882
84219
63833
4141
32344
67469
8435
86508
17040
2296
93119
80963
61172
97814
28045
98793
1497
49960
27822
63555
97978
95829
91252
87239
43969
11612
50758
60802
57405
39157
2061
15503
12595
80937
45300
80378
37940
75485
11347
97405
78834
96969
21155
41307
73588
6737
14718
63964
98115
57004
96836
78393
38187
50100
18355
80630
28221
9431
89820
81075
32883
63800
52532
40170
8981
95819
13092
63443
7679
99145
90302
23666
79931
83035
47
52987
7414
13897
25472
29504
19479
37527
27769
77973
2902
50227
30020
47336
6370
81073
11014
569
28168
39104
35012
31804
98320
70556
13408
97362
70203
66032
12289
53708
44041
25774
84551
43023
71426
90184
39943
14012
76933
28202
22699
30051
73548
31573
39998
2689
46898
23440
8863
38102
323
39851
24830
99597
77150
20834
49659
76774
10203
29645
69599
17526
28985
11264
26779
39927
12175
84667
63097
47610
76196
9746
77804
79808
32403
8670
34015
74133
21147
36479
30808
7099
71271
68854
12202
42859
81702
12908
57846
50807
2058
92125
90419
97226
24408
63514
60959
39087
52538
1964
74746
37803
24475
71470
7908
22502
31662
96469
70660
63625
92092
90984
7961
8184
5640
2937
8522
50395
90181
31800
27813
65059
85343
28509
3372
2336
40377
19739
74411
55376
36022
48372
78515
13104
20764
68010
87922
64539
58584
31965
83124
48976
20702
99052
34961
6129
94227
37923
39999
80905
95440
76452
1991
67375
76987
83221
24973
54883
31983
22116
73026
54239
71696
28981
72042
7930
50280
29648
90371
15536
92832
95042
20960
29133
17208
72309
4463
89497
13616
75477
99245
36353
56065
92503
86614
21748
18256
18897
72325
13632
34111
89510
41773
9568
10301
70269
91412
1472
25702
1541
12434
19235
95560
63491
68502
73310
15975
11782
43977
13860
3209
68370
38668
6585
13163
28576
81705
93057
54279
36300
46056
70738
15391
38090
53036
34995
40068
92263
91678
38882
76042
41309
8744
40643
12614
49808
47667
40258
43902
95995
16131
50381
85723
81921
9789
92104
59926
24028
45120
43673
28620
42223
20438
35165
83722
42206
95352
85489
84141
1252
8013
33793
14952
76930
60610
23649
79139
81783
48926
76512
9517
54808
12373
52120
73752
44835
99252
75483
75641
40094
12883
73403
90565
25737
83900
73554
6191
2506
87329
30173
5431
80338
9197
56299
79897
89978
62858
18422
65815
27667
33876
35790
40111
40314
63914
94462
89903
54539
68000
81735
73270
12913
18787
53062
21769
41559
29137
41445
21728
81533
90013
46053
97509
6476
85921
25326
51592
37697
9997
6699
77145
88612
15470
22348
15208
50944
48221
38283
8774
85267
62262
76013
13140
39304
38447
67500
60561
67553
16256
41157
90872
81460
49826
4109
2783
51954
52383
76189
25698
68973
75989
1637
64301
93625
31311
2838
29479
36894
74037
45828
19048
90522
24091
36491
96209
18966
75449
73639
56960
46131
45245
50200
39944
94468
82564
25042
83245
82040
62477
47830
30776
39575
55875
58781
53983
63597
85979
37504
61851
64390
61103
47466
87087
70140
57993
70719
1662
32819
59128
13005
20225
45144
332
36149
68263
23752
39733
76290
59114
61919
86395
85719
25633
89714
27630
73276
49130
85472
22441
6148
76128
15005
881
2368
37435
11989
77958
45684
64549
36005
1864
60217
33846
15336
59889
64780
84103
68552
56881
11884
4712
91792
20325
27868
68502
60781
60729
80023
33574
62279
60934
84408
24436
78400
71587
94468
46159
71055
11247
80088
12906
42317
51544
42965
20823
73069
86906
44034
84491
82772
60559
50848
83822
15979
68170
63731
41474
43143
15454
92603
3849
52628
20899
43644
16065
13716
46032
22529
87760
12393
19831
56912
20071
52268
48207
5006
59954
48276
98852
5581
9403
73504
52007
55632
54134
63788
30509
68531
32101
29000
42623
54613
46043
8320
53064
38439
60315
34611
96352
2761
85066
8486
39447
51708
18136
64282
23524
43662
45353
85615
99374
8668
48535
27712
43963
34679
34167
70063
99732
87513
36854
78073
21799
97067
85450
28501
83942
15103
23543
62638
14335
7558
18402
33640
90647
51798
53905
86848
9978
739
77277
68538
21961
42664
77191
70040
57830
37677
13185
36070
66091
79223
49976
14477
35394
48267
41000
70945
92673
97853
49776
15489
64452
49701
80547
46648
22672
94847
90621
55510
90783
80576
79058
26425
30897
43467
13746
65549
37150
76704
73484
20410
11822
96336
70598
22245
69637
35896
661
4857
59051
8587
33447
31120
8843
24158
22451
39621
46044
76286
45712
77238
90046
29811
36422
85037
55030
78013
10326
67686
87217
20469
23979
91027
55895
76220
6542
41896
35380
87824
54920
42421
93199
98120
1090
95383
70307
19202
38603
69927
44819
62483
23243
8947
20116
74954
66358
63430
29605
28085
54501
45683
78960
16043
31707
23165
54991
19093
6278
2218
29518
98263
83742
35435
65293
87491
3031
18678
45309
92469
14126
75690
34205
31496
91402
51137
53165
32832
15747
29280
57702
41835
10531
32771
54324
22855
39905
60330
39396
31982
28569
69565
24368
59315
18922
87746
24305
13542
73513
41231
67208
38636
93447
22709
35316
87342
52454
52993
29031
5103
80870
82834
751
92147
63226
93850
17294
31890
85839
17868
73356
79138
33629
27056
46149
45375
61471
25100
70086
14703
41925
72238
74526
1457
54647
12422
84565
74525
23566
89753
94946
45654
9052
61371
20480
49365
46247
55963
83379
94629
3182
58756
74656
67875
855
47511
14688
38167
36779
16605
54210
46838
34513
47728
30745
24938
92862
18704
92951
69101
14506
69605
92697
48729
99232
91369
14488
76344
13805
7671
47621
14051
54419
98930
61295
64184
24317
24535
33022
41483
46051
70183
99055
50552
47889
81986
30689
41339
13615
65417
43430
86866
6200
12447
9104
75151
88683
37978
82291
77872
74764
46420
45513
64309
77476
33024
51418
44087
4038
69787
58221
95936
81894
93877
6955
63980
4999
61929
4707
91239
27225
87629
99351
21665
86948
88704
98109
23711
58156
398
7297
33580
10882
70682
67104
92472
14665
21441
60108
12852
90410
77475
2851
94783
90638
43951
14908
50578
41302
67849
90733
92901
86124
15914
16728
73087
33197
87174
41586
3996
15260
1805
57725
76619
75445
32678
38563
3956
48116
84693
13042
5064
14069
75621
57849
93454
58878
73857
86254
11140
97210
75373
91820
21117
20519
54561
99359
47470
42053
45663
74486
12876
19612
76180
87034
83748
71695
51610
60432
35523
34517
77006
72422
20155
52286
31061
3345
52545
2402
39014
71426
99925
76944
67961
67457
63513
66145
42895
60814
5229
90314
28050
14354
75373
84602
18712
75552
63185
85654
83599
44315
39551
34786
97172
60217
82821
76560
22465
18256
45346
24563
75102
8591
97744
94041
42051
13413
62727
54855
89523
19782
34535
25544
10781
66534
47303
24283
67503
47454
47517
15214
75854
14183
29936
81935
47843
9562
86492
27816
80024
70916
65675
56217
37928
98190
25190
56065
13134
29392
94759
49279
84066
8107
58706
39689
8281
48636
35382
48419
39927
65153
78951
21416
4886
37051
89893
95208
45857
68988
65635
18138
33267
66567
31544
52493
16065
79871
72668
69498
63022
48939
50569
22170
60255
35155
78240
35535
83784
24818
96025
83936
24417
14644
46812
4365
30838
26467
24768
97646
8603
27209
31400
19817
77033
5931
35575
40488
77684
69099
11454
68024
41967
28994
82635
89613
21926
66688
30117
98411
51007
87358
93425
81755
48755
96463
24115
69680
16182
25967
35486
27795
5843
23701
37411
26012
98467
16747
63335
6174
83971
34393
26192
29948
61071
77319
44731
34823
57360
70352
51921
31660
14379
47074
48444
6348
69888
86807
864
94013
15364
77663
72091
31451
21138
4425
6092
93912
70192
57905
32695
90966
60339
29250
73684
54034
22734
48484
15689
63905
65618
1707
91564
69973
31528
82679
86329
66831
11808
33749
27698
41356
4916
11174
70409
39330
48377
24087
39079
32891
73785
92851
9028
54944
82071
21442
59155
31104
55834
58265
39991
23079
31806
78152
38178
4685
56508
50289
94067
3714
90717
99456
70369
46681
52593
88291
57061
1386
15322
27290
18058
42142
33407
86233
40043
69472
45835
14528
60273
76932
9146
15631
21767
63546
39780
64234
25697
98640
64162
63698
51914
27555
86798
2917
54421
2653
51710
5366
25610
42709
6774
99652
63053
90004
99345
84349
23471
37235
64919
84538
8865
27986
82096
58806
55147
75728
76356
31512
69101
33583
14922
72824
4906
89276
12876
76383
90465
90767
34957
48331
79895
26402
51372
79833
60366
11694
79619
99345
66485
51127
73994
41157
18008
28353
83525
81009
45092
71055
59043
74141
454
72048
13149
59909
97827
34280
72030
10063
23613
96798
71743
49414
86738
90680
26190
78991
51502
87416
55392
1190
27517
17647
93912
18344
57581
84392
47289
45548
19477
20402
91744
3011
70682
49245
53338
69818
47721
98430
93105
85556
36149
19220
99611
55529
4830
46250
48525
55983
39970
76239
91795
25630
57158
3026
18361
98273
86222
70811
29142
81432
38379
15187
51640
26675
6685
53826
13829
51010
61841
49573
5273
39777
95696
18793
34707
53760
52608
54117
45295
74716
58494
17232
42766
76650
59621
38074
48066
21410
23268
38706
38427
70572
83651
68081
59074
11864
159
86958
47664
42028
8067
93036
50862
92870
59918
77679
32443
75477
82781
72497
50153
6688
95951
18167
54748
11660
82619
14149
34786
61256
80675
3508
40121
29752
87717
42493
23158
4003
80703
82285
91622
95176
9949
5646
98458
88451
63852
6250
81819
10979
76144
22922
1313
29083
73262
44050
40038
95029
28311
76450
73670
33376
73175
91551
79681
89666
96476
94993
95786
97250
26658
56541
87912
41738
93878
13142
15838
26517
65732
88873
80109
61218
80130
26033
8196
71168
57343
54595
50924
59785
24476
38614
77297
36548
87732
54096
3230
31127
57371
85922
93131
81805
59008
93732
68948
87878
37191
16739
7620
27268
67057
40718
91933
52828
76597
88293
57728
1796
9405
61969
63167
66422
32055
23821
75454
48741
74124
3793
77003
64084
81173
3586
41592
89747
38373
46373
80565
23228
46914
9862
63187
63988
40875
62213
48189
70691
10164
37608
25756
18628
612
64738
79341
81538
12740
67021
8349
39747
13182
43452
72568
70747
30495
93982
71230
27160
51753
55550
45260
18344
34290
46556
40227
2477
19972
3389
1299
65592
46526
21000
37994
65448
15294
36885
29410
83054
27702
57286
40584
8442
88361
11885
58197
1626
89907
39197
74479
39738
40809
90127
7691
12787
48965
5990
40894
64390
85697
67209
35572
38890
90253
60885
62092
24087
93716
46949
63435
15413
64360
40890
57240
66273
59101
69665
5253
14033
21342
49998
6670
99496
10815
27078
64719
3374
25229
19701
34356
97398
72902
59179
60658
4202
49865
45637
4909
62442
86570
18545
35869
21515
97364
55656
17580
47535
24335
6102
26229
1165
61702
73885
97350
91467
88495
94125
72057
16054
89371
90702
99892
51476
7910
69965
74552
39561
61129
29123
75502
92802
69814
82738
24811
36074
97894
54768
7337
17647
60605
54239
17209
77500
57895
89974
29423
15318
60914
49070
27937
38105
3719
16349
13568
58701
58651
47935
41687
97764
77555
62769
87219
37282
68126
78557
97490
64438
93806
67721
9837
1386
49681
59181
94085
39748
9523
87378
21597
90440
59675
19293
99818
15922
75333
26200
64623
91488
49434
55706
47577
78972
32647
76955
76665
30555
84602
96742
57844
48238
79542
20332
77477
82568
6133
12831
66857
7267
65003
77856
47133
16046
23018
94889
85006
75877
44514
63569
30298
90939
13676
96540
75289
59671
66155
11337
79024
33644
55159
75020
4952
81174
83461
22220
38357
97320
64429
3457
70918
29985
30212
84813
12046
18075
58994
76286
12663
51474
78762
72011
48034
29012
38523
72093
76008
26264
26305
56653
17364
4573
5620
31081
89153
8555
10846
87526
89942
45385
4509
53962
26996
7175
86175
62800
96734
85827
469
15999
74029
49798
43439
52142
30935
49329
31518
24757
53418
11391
16920
25126
17924
26115
94537
10687
54310
75505
67233
77405
40732
71293
45037
81073
63330
20662
9256
88994
65837
64140
52374
59778
25318
60865
11901
464
83149
2942
4721
79948
6314
55168
67838
65503
86753
53196
44596
1568
43803
49085
9310
47570
12296
20603
81121
6762
99336
39178
28466
8112
31964
24584
23998
63593
82623
97717
99877
74317
17760
54306
64025
75125
78576
34301
47022
21251
50695
22752
10373
8172
53401
38684
82205
51071
77099
9590
7519
69775
47605
18684
38293
59609
44908
81129
80736
25073
70748
67874
76558
6375
32111
27291
78740
44172
43601
52294
15124
84511
98776
31675
80504
99366
87167
53448
58438
38850
41916
46606
69743
51253
99621
13444
53667
92029
82908
69657
44286
81046
26987
42813
34018
20953
45982
98143
41066
78755
60548
88884
68698
67735
50572
39903
39073
80572
71909
89544
11944
47063
63461
88054
52036
94861
53781
40087
12773
95427
55318
82424
37106
87309
93149
49305
29983
59204
33329
317
84239
36794
1090
1498
97066
90623
96715
50214
44450
39292
70878
86443
22037
73386
62538
88826
28748
31362
86324
28936
76575
56000
91580
49300
32690
74329
80718
41299
95464
20136
65872
94402
16233
32560
71134
96138
4659
60748
35380
35672
28722
82688
58673
26061
41887
86817
43608
93389
75610
47295
61104
92221
97535
65664
44665
44994
30312
77626
69541
66422
99842
9833
18360
84595
74920
27450
74027
58255
6567
47922
61895
82207
25009
44682
31584
71845
68648
42713
32218
33148
97316
17806
58406
54897
5171
15853
83477
5287
53388
37948
33919
57227
69270
38960
39263
13551
1066
58322
40589
94841
5368
37362
35485
67821
69790
76769
67817
91167
84073
37029
46997
54177
98862
77337
96273
92911
64623
53010
60266
3960
11310
7362
27282
77941
16575
41057
5281
15858
94412
84798
98224
67717
57963
3568
85688
17845
43374
58839
14239
30849
30105
29997
81570
48759
38919
51932
35647
18617
49198
98283
17844
24590
87513
57397
99238
64178
2358
83403
43477
1339
54775
83319
96281
71297
27517
62249
21135
1174
2292
58043
67919
68478
77575
91372
51293
90253
54119
44427
4891
28275
2245
13020
76227
34016
28095
81844
18276
6114
49777
62664
97717
76586
79852
95077
76303
68017
7198
57207
25681
61393
95151
52576
77875
46197
63863
65378
38281
88943
80181
79201
69060
57898
40973
7529
42058
59842
78812
58110
4567
80963
28255
365
27280
53752
62030
77245
73398
81237
58871
41996
57862
93325
72413
13969
49301
17459
51155
59712
35800
17380
9490
58980
32248
94622
45666
74502
24179
89377
96619
68165
24521
55428
86788
27299
97604
45268
34176
76540
25584
77484
31441
35374
86121
80063
95916
73338
23270
49388
69126
76368
39015
76440
14807
8227
7421
55267
90657
39414
7921
91209
58898
76101
35746
58270
25944
35380
76434
64255
92985
29958
24104
18152
87719
73327
5930
94892
73559
90470
28137
35152
42871
97996
61457
84802
44819
436
9743
70939
34508
78721
75408
9839
73784
52003
44447
41060
2798
14258
55534
41678
18277
27215
54744
41691
84155
45952
85944
60057
8574
51017
49562
99595
75369
47630
81553
13621
38772
3825
75345
98159
10754
3826
88005
45588
47308
3571
25561
1249
26731
63115
21439
84112
28274
75709
72222
67135
52399
53213
19575
82862
2575
9716
69557
43259
20574
64783
32921
52541
20462
44218
86315
76268
44636
92450
68201
62162
27324
72739
19922
75567
99528
46555
56137
39142
11243
39380
5930
67937
27726
68330
57878
90589
53283
58253
44191
4626
11497
77496
86593
32969
58362
54825
62136
28403
75226
79971
5209
22842
46886
969
14333
93442
92403
3525
92601
5688
30151
48691
9553
1561
58722
62103
11441
41451
6224
40927
54915
24067
41442
36159
47352
35601
20184
49242
73789
72210
96816
9059
38062
23509
35870
9553
56893
3648
82445
54540
23168
3087
21698
81158
18472
37272
571
27148
20214
37548
17224
55331
51569
97459
41242
1588
49346
58393
65538
54737
69692
5581
5160
39674
28007
27411
78244
33199
72061
23996
73010
69746
31682
10952
34650
40917
59134
72510
62064
73844
91482
50941
20394
41323
30968
88411
90857
56920
49427
47774
50224
84976
97633
94281
76975
61754
48381
5787
96080
38849
30799
45805
33404
69408
86874
98770
5306
90414
68397
85931
75603
39757
47252
24541
48937
7025
74796
92484
10209
25812
19010
225
99112
89944
1123
84796
26335
51805
71678
86258
84930
95349
62498
13406
62874
54562
52106
86998
57676
2434
40330
27254
69615
65625
53550
51168
97048
13678
63760
1013
64442
72376
22320
19629
33358
9385
5321
60706
1969
9789
35470
82631
63850
90506
18924
96405
54298
77144
78531
11
29419
31889
78480
94424
42293
46481
56340
45681
24224
34445
90502
20566
75812
41436
58449
53475
23960
78012
53786
37748
22954
14251
3483
43410
11707
62343
55681
54007
86717
56409
79071
13954
40080
151
80748
83600
92201
30060
14084
77810
28916
42140
94452
83659
26407
3769
87471
17815
4329
29969
25306
58785
15524
66752
21707
68124
26523
46882
34744
16765
65256
96108
64463
48716
13312
2589
81470
17023
10888
80807
99083
50791
93929
33983
37015
82234
89116
63084
18443
23772
37686
78395
46860
3557
29055
18746
5845
13837
87142
32289
89501
30690
45721
76363
81563
32117
45866
93320
26145
29388
21336
79665
69572
96480
23519
23095
33328
54831
45214
57081
30669
83531
26780
50291
71282
72349
34789
21132
76080
96266
84313
47525
83685
4286
34928
71032
26460
82606
35852
50656
4565
73757
38469
96934
20226
43197
57026
27840
67074
33600
52991
95407
16036
55488
60294
26232
33885
30818
69112
32024
40449
76081
74776
17227
656
69212
10767
17740
32045
60932
52673
87249
78974
35629
67777
14
90542
27515
23428
95580
37641
20486
44562
96975
68850
71000
70038
89932
5351
95737
68664
83892
11207
28927
91117
17104
86594
76889
17606
57931
67177
69346
27555
61733
5224
25192
93078
47178
8177
56147
49183
36143
77576
695
76225
7550
75737
61926
7079
84514
12232
70902
88569
31353
77811
37148
83332
62522
30861
36532
58498
46154
11252
80268
83927
81338
50395
9813
17482
29661
28742
4783
72405
91844
99262
20947
88791
97636
5423
62473
86286